Montgomery Curve - Initialization Time (s);Montgomery Curve - Signature Time (s);Montgomery Curve - Verification Time (s);Edwards Curve - Initialization Time (s);Edwards Curve - Signature Time (s);Edwards Curve - Verification Time (s);Twisted Edwards Curve - Initialization Time (s);Twisted Edwards Curve - Signature Time (s);Twisted Edwards Curve - Verification Time (s)
0.3874;0.33703;0.76721;0.27067;0.27733;0.23987;0.27474;0.27471;0.23455
0.34771;0.34934;0.75531;0.27569;0.27794;0.23631;0.28411;0.27368;0.23611
0.34808;0.34861;0.76838;0.26912;0.27683;0.23738;0.2803;0.26132;0.23795
0.34847;0.34996;0.77193;0.27845;0.2762;0.23757;0.28815;0.27506;0.23698
0.34314;0.36108;0.76577;0.2897;0.28006;0.27513;0.28202;0.2796;0.23823
0.35429;0.34893;0.79504;0.43192;0.28056;0.23787;0.39559;0.29413;0.23784
0.38198;0.40979;0.80181;0.2918;0.29386;0.24569;0.28633;0.28523;0.24009
0.34472;0.37245;0.7942;0.27995;0.28148;0.27799;0.31852;0.2676;0.23898
0.39928;0.36089;0.81908;0.29728;0.28392;0.24998;0.2865;0.2915;0.24159
0.35753;0.34949;0.77902;0.27907;0.28684;0.24274;0.28333;0.27528;0.24827
0.34846;0.37447;0.78843;0.2898;0.28116;0.24847;0.28158;0.27144;0.25721
0.36227;0.34735;0.80381;0.28579;0.28906;0.2642;0.27264;0.30564;0.24983
0.34678;0.35016;0.80968;0.28587;0.27938;0.24987;0.28538;0.27538;0.24892
0.3562;0.35557;0.81161;0.27478;0.27397;0.258;0.27296;0.27992;0.2526
0.36712;0.33333;0.80117;0.27022;0.31205;0.24425;0.29881;0.29014;0.25024
0.36874;0.35124;0.80965;0.30036;0.28898;0.24166;0.29788;0.28774;0.27435
0.39182;0.36592;0.76508;0.27732;0.30141;0.24869;0.28467;0.28046;0.24814
0.35006;0.37255;0.81546;0.28078;0.28297;0.24325;0.28018;0.27956;0.24958
0.36129;0.34381;0.79196;0.29106;0.30252;0.23767;0.27919;0.2832;0.25866
0.35468;0.34417;0.82706;0.28081;0.29713;0.25713;0.27088;0.27883;0.24356
0.34773;0.33632;0.80382;0.27532;0.2775;0.23879;0.29671;0.28427;0.25323
0.37424;0.34921;0.77833;0.27817;0.28955;0.2432;0.28324;0.29262;0.2488
0.34743;0.39438;0.77995;0.30212;0.29731;0.24381;0.27718;0.29593;0.24728
0.37043;0.34159;0.80019;0.30231;0.28068;0.23922;0.27034;0.27964;0.24352
0.34643;0.34798;0.78233;0.2949;0.2816;0.23907;0.28458;0.29021;0.23729
0.37467;0.39697;0.8058;0.28774;0.28953;0.24158;0.28666;0.28374;0.25507
0.35283;0.3568;0.79969;0.28593;0.28101;0.23995;0.28528;0.2951;0.23754
0.34108;0.36901;0.82116;0.30173;0.28931;0.26702;0.27896;0.29248;0.25771
0.38391;0.38586;0.85844;0.32231;0.29917;0.23955;0.28985;0.2789;0.26233
0.38909;0.3553;0.7845;0.28833;0.27703;0.23897;0.31083;0.29115;0.24473
0.3771;0.34731;0.76896;0.28175;0.26967;0.2512;0.29181;0.28031;0.24272
0.3626;0.35714;0.8107;0.27287;0.27942;0.24476;0.27893;0.27519;0.24359
0.35868;0.35416;0.79732;0.29095;0.26882;0.23988;0.29199;0.27582;0.26351
0.38485;0.36062;0.79015;0.30761;0.29552;0.24303;0.27254;0.27439;0.2401
0.36135;0.3519;0.7748;0.27411;0.27056;0.23954;0.28915;0.28082;0.24462
0.36172;0.35506;0.77773;0.27616;0.28;0.24107;0.28925;0.27107;0.24264
0.35626;0.36897;0.77402;0.26269;0.27484;0.24199;0.28235;0.28256;0.25209
0.3631;0.36339;0.75619;0.28175;0.27552;0.24171;0.27538;0.27396;0.24081
0.36785;0.36893;0.79266;0.29128;0.2779;0.24832;0.29971;0.28509;0.23728
0.34944;0.3342;0.80335;0.28134;0.27363;0.23959;0.28601;0.27585;0.24305
0.35998;0.36406;0.79077;0.28;0.2786;0.24058;0.29508;0.28606;0.23713
0.35269;0.34726;0.77093;0.29247;0.27334;0.24181;0.26979;0.27637;0.24569
0.3544;0.35562;0.78463;0.28268;0.28113;0.24012;0.28599;0.28517;0.24616
0.38162;0.37057;0.74199;0.28355;0.2756;0.23767;0.27683;0.28915;0.24378
0.33083;0.35825;0.80287;0.29391;0.29175;0.23911;0.28382;0.30679;0.23851
0.35617;0.36915;0.78756;0.28238;0.28637;0.23898;0.28786;0.28968;0.23785
0.35905;0.36757;0.80038;0.29192;0.28032;0.24052;0.28803;0.2812;0.24478
0.33978;0.34749;0.80703;0.31891;0.29934;0.23959;0.2893;0.28709;0.24405
0.36721;0.36782;0.80066;0.30133;0.30389;0.24413;0.28255;0.28082;0.23843
0.34511;0.36227;0.8006;0.28851;0.2834;0.25067;0.30184;0.33619;0.23771
0.38457;0.34933;0.80248;0.28263;0.27282;0.23814;0.29572;0.30738;0.28931
0.38274;0.35179;0.80955;0.28371;0.30114;0.25137;0.29625;0.27447;0.24591
0.36438;0.42524;0.90437;0.28135;0.28475;0.24829;0.27686;0.28392;0.26771
0.41195;0.3349;0.77221;0.27867;0.28514;0.24402;0.27532;0.27455;0.24095
0.3622;0.35043;0.77342;0.27889;0.2716;0.24607;0.27953;0.26464;0.24045
0.34997;0.36199;0.78359;0.28344;0.27867;0.26235;0.26835;0.27596;0.24044
0.36445;0.3476;0.7838;0.2771;0.28035;0.25146;0.32998;0.43054;0.3522
0.40158;0.38348;0.78488;0.27295;0.28954;0.23803;0.27901;0.26808;0.24722
0.35974;0.33894;0.79876;0.29016;0.27922;0.24232;0.27785;0.27732;0.24814
0.36168;0.3578;0.77754;0.28539;0.28786;0.23897;0.27524;0.2733;0.24779
0.34984;0.35233;0.80818;0.27468;0.29337;0.23749;0.27769;0.27639;0.24604
0.35977;0.33135;0.78271;0.27638;0.28492;0.24102;0.26183;0.27947;0.23793
0.35048;0.35121;0.76771;0.2711;0.27873;0.24851;0.29196;0.27546;0.2398
0.35732;0.35829;0.78095;0.2903;0.27196;0.25147;0.2675;0.28014;0.23947
0.34238;0.36091;0.77743;0.27528;0.27166;0.25094;0.28744;0.27736;0.24029
0.35726;0.34845;0.79138;0.28916;0.28149;0.2483;0.26506;0.2751;0.24026
0.37017;0.34437;0.79617;0.28046;0.28165;0.24956;0.2965;0.28346;0.24631
0.38343;0.35906;0.7968;0.28082;0.28809;0.24583;0.28604;0.26655;0.23881
0.349;0.33774;0.77061;0.28604;0.28206;0.24119;0.28707;0.27953;0.23688
0.34026;0.35628;0.79181;0.28645;0.27144;0.23693;0.27712;0.28349;0.23813
0.36603;0.34716;0.78712;0.26943;0.27517;0.23638;0.30118;0.28476;0.23806
0.35076;0.35656;0.77615;0.26885;0.2805;0.23939;0.28081;0.28296;0.23859
0.3442;0.35318;0.79418;0.26941;0.27083;0.24088;0.27637;0.27001;0.23772
0.36995;0.36868;0.77696;0.27918;0.27138;0.26733;0.32472;0.31281;0.26005
0.39534;0.36034;0.80381;0.31671;0.26235;0.23837;0.28661;0.29039;0.26604
0.38032;0.35566;0.79214;0.28441;0.27135;0.24028;0.28515;0.28095;0.23871
0.35828;0.40099;0.90011;0.27949;0.28516;0.24674;0.27511;0.28008;0.23756
0.36187;0.33578;0.7851;0.29455;0.26224;0.25494;0.28951;0.26672;0.23919
0.36261;0.34114;0.7708;0.27051;0.2832;0.2384;0.30578;0.28371;0.25061
0.3552;0.342;0.81;0.28716;0.3044;0.26298;0.29913;0.27243;0.26174
0.38433;0.34276;0.80772;0.29138;0.28115;0.26829;0.27601;0.2854;0.25399
0.35236;0.35456;0.81893;0.27066;0.288;0.24408;0.28303;0.26269;0.23867
0.37435;0.33746;0.78601;0.28398;0.28326;0.24329;0.29504;0.27583;0.24113
0.35744;0.35858;0.7959;0.26715;0.26887;0.23981;0.31214;0.28822;0.24211
0.35712;0.36757;0.77116;0.28966;0.28219;0.25333;0.30525;0.28279;0.24153
0.35225;0.34082;0.81833;0.27576;0.27574;0.25584;0.2959;0.2886;0.23753
0.36552;0.37499;0.80357;0.29683;0.2924;0.25335;0.2799;0.28144;0.23889
0.35468;0.35492;0.81925;0.27263;0.28387;0.25772;0.26676;0.28576;0.23874
0.35205;0.35013;0.81949;0.27078;0.306;0.25003;0.29074;0.28305;0.24378
0.36729;0.34334;0.80364;0.29008;0.29268;0.25142;0.27847;0.28021;0.23889
0.35184;0.34462;0.77002;0.27991;0.2745;0.24722;0.28303;0.30221;0.25753
0.35095;0.36857;0.77081;0.27025;0.28535;0.25423;0.28493;0.28549;0.23985
0.36733;0.35418;0.78978;0.2861;0.28757;0.25656;0.27445;0.27737;0.24169
0.36373;0.35145;0.81309;0.28058;0.26797;0.2475;0.28731;0.26878;0.23935
0.34593;0.34319;0.78308;0.28482;0.26921;0.25826;0.28477;0.30132;0.25618
0.37161;0.41138;0.82225;0.28198;0.28228;0.24848;0.29487;0.29506;0.23699
0.35845;0.37657;0.8646;0.32172;0.42016;0.24228;0.3;0.27674;0.24738
0.37876;0.35487;0.84484;0.28461;0.28096;0.25439;0.27363;0.28238;0.27514
0.41488;0.39234;0.80323;0.31148;0.27871;0.2457;0.27239;0.29334;0.24329
0.36369;0.3746;0.80499;0.2862;0.27172;0.23867;0.28046;0.29504;0.24478
0.34532;0.35635;1.00597;0.30287;0.27722;0.24301;0.28756;0.28801;0.2427
0.36117;0.42758;0.78839;0.27778;0.27132;0.2414;0.28637;0.27993;0.24087
0.3424;0.35068;0.89;0.27847;0.27793;0.23831;0.32114;0.2893;0.24428
0.36114;0.35796;0.83915;0.27654;0.29029;0.24323;0.29534;0.27796;0.25242
0.35865;0.36247;0.77928;0.28532;0.27399;0.24312;0.29708;0.29957;0.27473
0.36219;0.3382;0.82543;0.2778;0.29072;0.23797;0.28168;0.29107;0.2382
0.36065;0.36972;0.81328;0.27762;0.28134;0.25072;0.27588;0.28247;0.24384
0.34687;0.35499;0.81143;0.28103;0.2805;0.24117;0.28797;0.27897;0.23878
0.39571;0.34906;0.796;0.28782;0.27227;0.24508;0.29388;0.29884;0.24019
0.35976;0.34493;0.81582;0.28615;0.28176;0.25874;0.27755;0.28389;0.24237
0.34548;0.35495;0.79248;0.27822;0.28067;0.26214;0.30535;0.27241;0.24554
0.37365;0.35347;0.79468;0.27832;0.29026;0.27743;0.307;0.2801;0.24053
0.37083;0.35722;0.79909;0.26558;0.30716;0.27089;0.27624;0.26981;0.24964
0.35931;0.33997;0.79272;0.27204;0.27346;0.25035;0.28475;0.28135;0.23878
0.34777;0.35503;0.81172;0.32222;0.2917;0.24823;0.27741;0.28789;0.23973
0.36392;0.36825;0.75726;0.28084;0.28687;0.2515;0.28652;0.28694;0.23661
0.34546;0.35385;0.7954;0.27941;0.28323;0.24832;0.27909;0.26328;0.23833
0.3571;0.3546;0.797;0.27765;0.27475;0.2571;0.28749;0.28005;0.24357
0.36723;0.35082;0.77715;0.28126;0.28521;0.2472;0.28185;0.27545;0.23999
0.35901;0.35796;0.79285;0.28971;0.28073;0.24161;0.27381;0.28993;0.24703
0.3615;0.35923;0.77511;0.27493;0.27137;0.24241;0.27467;0.2762;0.24745
0.37277;0.36063;0.7843;0.28347;0.27965;0.25538;0.27239;0.28199;0.24017
0.35485;0.3689;0.82414;0.27657;0.29099;0.26887;0.2731;0.28746;0.24532
0.39954;0.3799;0.79054;0.27257;0.28136;0.25012;0.27544;0.28661;0.24279
0.36674;0.34621;0.8188;0.27946;0.2759;0.24824;0.28182;0.28061;0.23817
0.36901;0.33666;0.83197;0.28062;0.2844;0.24712;0.26953;0.28316;0.2375
0.36184;0.34912;0.7755;0.27635;0.28057;0.24778;0.28248;0.27644;0.251
0.52297;0.46748;1.78625;0.38324;0.32916;0.29375;0.31143;0.30248;0.2578
0.39278;0.38977;0.93474;0.29687;0.32771;0.27004;0.29975;0.32251;0.26893
0.38315;1.12504;1.38381;0.35602;0.35313;0.71216;0.66378;0.36283;0.28177
0.44534;0.39605;0.84628;0.27402;0.31928;0.27076;0.29334;0.29214;0.26069
0.38265;0.40677;0.83157;0.28175;0.29854;0.26203;0.32401;0.28605;0.24269
0.34686;0.33932;0.77308;0.2684;0.2699;0.25366;0.28292;0.28534;0.23944
0.3568;0.35928;0.79115;0.30212;0.29183;0.26785;0.29048;0.27623;0.23883
0.35559;0.34823;0.80897;0.27382;0.27383;0.24991;0.28036;0.27136;0.24075
0.35664;0.39037;0.80475;0.28473;0.29095;0.24319;0.28267;0.28039;0.2535
0.36673;0.35053;0.79756;0.27669;0.28639;0.24188;0.28444;0.27967;0.24086
0.35699;0.35058;0.77951;0.27602;0.2694;0.24501;0.27675;0.28091;0.24849
0.36743;0.35403;0.79272;0.27403;0.27532;0.24317;0.27312;0.27341;0.2384
0.35898;0.34868;0.78486;0.27011;0.27905;0.25018;0.27733;0.27187;0.23879
0.34234;0.35826;0.789;0.27734;0.27601;0.25092;0.28273;0.27671;0.24023
0.36477;0.33874;0.78128;0.28304;0.27462;0.24673;0.27857;0.27542;0.23904
0.35719;0.35973;0.80492;0.28622;0.27463;0.25055;0.27517;0.27073;0.24223
0.36429;0.33277;0.76703;0.27126;0.27885;0.23794;0.28788;0.27735;0.24068
0.3582;0.34563;0.92199;0.28904;0.28173;0.2463;0.28458;0.30917;0.2493
0.35987;0.35092;0.7763;0.27738;0.28301;0.24804;0.27877;0.27522;0.24251
0.36695;0.34538;0.79639;0.27584;0.27432;0.26206;0.28837;0.28889;0.29258
0.38314;0.39979;0.78478;0.27255;0.27485;0.24819;0.28214;0.274;0.24472
0.36664;0.3998;0.83375;0.27404;0.28473;0.26953;0.27934;0.30955;0.27186
0.37202;0.35636;0.83499;0.27062;0.29726;0.2479;0.2746;0.3207;0.24609
0.40882;0.35317;0.8809;0.30104;0.27435;0.25412;0.30377;0.33143;0.23675
0.35496;0.36609;0.78477;0.28123;0.28333;0.24418;0.28617;0.29236;0.25196
0.43746;0.38423;0.85903;0.28929;0.30997;0.26636;0.28641;0.2956;0.26457
0.3791;0.35324;0.79039;0.2809;0.27855;0.24154;0.27488;0.28904;0.23625
0.33538;0.36491;0.75987;0.27215;0.28549;0.23821;0.28991;0.29716;0.24144
0.39145;0.33804;0.85564;0.28112;0.30871;0.24886;0.30031;0.29038;0.24904
0.36709;0.35069;0.87319;0.30851;0.31419;0.27717;0.29255;0.2856;0.23726
0.3536;0.34335;0.77795;0.28361;0.27319;0.24864;0.27837;0.2809;0.24192
0.3459;0.38135;0.81481;0.27547;0.28652;0.24916;0.28625;0.28475;0.23825
0.35203;0.3515;0.79004;0.28374;0.27991;0.25615;0.27853;0.26596;0.23811
0.34672;0.34496;0.7893;0.2779;0.2759;0.24896;0.27285;0.26806;0.23889
0.35532;0.35208;0.79804;0.27976;0.28077;0.24461;0.27918;0.28356;0.24071
0.3502;0.35841;0.75924;0.28926;0.28083;0.24763;0.26811;0.28414;0.23661
0.35842;0.33876;0.78455;0.27294;0.27576;0.25002;0.26498;0.27998;0.24251
0.34385;0.34813;0.79386;0.28578;0.27147;0.24235;0.28219;0.2739;0.23854
0.36409;0.33919;0.76782;0.27021;0.27364;0.23784;0.29453;0.28003;0.24139
0.36858;0.3434;0.79238;0.28048;0.27103;0.23836;0.29247;0.28762;0.23765
0.34758;0.34633;0.78179;0.27225;0.28038;0.23794;0.28013;0.29052;0.23895
0.34046;0.35238;0.76744;0.27665;0.28064;0.23861;0.28485;0.26756;0.23899
0.34401;0.36228;0.76131;0.27538;0.27635;0.23782;0.28656;0.2649;0.23746
0.35224;0.34903;0.75519;0.27217;0.26885;0.23707;0.28398;0.28098;0.23844
0.3523;0.35529;0.78952;0.28269;0.27658;0.23988;0.27495;0.35375;0.29553
0.44701;1.05534;1.04898;0.32296;0.3127;0.26342;0.29953;0.33232;0.26926
0.38577;0.39595;0.86396;0.34149;0.32167;0.26774;0.31893;0.29223;0.26247
0.72846;0.89443;1.07777;0.29106;0.55094;0.51929;0.48666;0.35531;0.24295
0.32773;0.36974;0.8865;0.29808;0.30635;0.29678;0.29671;0.30346;0.25621
0.3662;0.3369;0.81467;0.29223;0.28921;0.29693;0.3121;0.30537;0.25275
0.37008;0.35716;0.79943;0.26776;0.31969;0.25559;0.30577;0.30142;0.24279
0.34478;0.3515;0.80434;0.29155;0.28325;0.26075;0.30935;0.31477;0.3326
0.35215;0.34228;0.79538;0.27879;0.29286;0.24179;0.27292;0.26964;0.25159
0.36396;0.35191;0.77405;0.26834;0.28499;0.24231;0.27683;0.28379;0.25376
0.3468;0.3601;0.91652;0.26881;0.30658;0.24875;0.28186;0.2711;0.2548
0.35845;0.36339;0.84063;0.27465;0.2969;0.24082;0.28219;0.29552;0.23739
0.35073;0.34967;0.78955;0.27094;0.29105;0.24164;0.27061;0.30484;0.2404
0.35262;0.3624;0.80601;0.26347;0.29766;0.24025;0.28081;0.29593;0.23849
0.34392;0.36129;0.80107;0.27498;0.29568;0.24051;0.27824;0.28449;0.23976
0.35591;0.34484;0.80706;0.29611;0.27529;0.23785;0.28191;0.27446;0.23856
0.34675;0.3504;0.7841;0.29441;0.29684;0.24854;0.31662;0.30567;0.24434
0.35642;0.3903;0.78844;0.28094;0.2752;0.23963;0.2719;0.28728;0.2391
0.34776;0.33373;0.78796;0.28168;0.29002;0.24109;0.27698;0.2879;0.24052
0.34465;0.34826;0.78504;0.26967;0.28609;0.23718;0.27463;0.28689;0.24647
0.3587;0.35241;0.78835;0.28276;0.2882;0.24318;0.28058;0.28793;0.24896
0.3575;0.35495;0.84927;0.53331;0.39682;0.28043;0.28867;0.27693;0.24954
0.3621;0.35367;0.89267;0.41059;0.3085;0.25251;0.27877;0.29549;0.23968
0.36635;0.34712;0.79949;0.27748;0.26513;0.24744;0.27803;0.27181;0.24231
0.37278;0.33726;0.81709;0.27274;0.28762;0.24675;0.27832;0.27132;0.2389
0.37279;0.36414;0.79406;0.28482;0.30146;0.25011;0.2916;0.30195;0.27625
0.40894;0.38848;0.79063;0.28396;0.28588;0.26853;0.27371;0.27633;0.2402
0.36221;0.37814;0.82195;0.29134;0.29019;0.24294;0.29346;0.3114;0.29879
0.36974;0.35561;0.7973;0.29289;0.27863;0.23828;0.27637;0.27021;0.26509
0.34814;0.34074;0.82572;0.27748;0.27758;0.23745;0.28527;0.27704;0.24466
0.36086;0.34729;0.77745;0.28243;0.29599;0.23757;0.28929;0.27014;0.24836
0.36255;0.35125;0.78472;0.28047;0.2956;0.23874;0.29823;0.2847;0.25013
0.34524;0.35071;0.84443;0.29205;0.30323;0.24208;0.28269;0.31391;0.24934
0.34662;0.37318;0.82741;0.27209;0.2803;0.26363;0.28951;0.3064;0.24797
0.37022;0.36686;0.77585;0.30515;0.27953;0.24191;0.27569;0.27431;0.23839
0.34235;0.37277;0.84647;0.27708;0.33109;0.2426;0.27886;0.32809;0.24363
0.35567;0.36708;0.75968;0.29816;0.28711;0.23755;0.28648;0.29054;0.23862
0.3327;0.35177;0.77875;0.27547;0.27426;0.24452;0.28952;0.28156;0.23753
0.36327;0.36313;0.83344;0.27198;0.27099;0.23876;0.27282;0.28085;0.24021
0.35416;0.35537;0.78777;0.274;0.27954;0.24293;0.27719;0.28071;0.23877
0.35272;0.39847;0.79671;0.29314;0.30295;0.24285;0.28396;0.29005;0.23942
0.34475;0.34885;0.81936;0.28846;0.2808;0.24111;0.26915;0.31425;0.24224
0.34948;0.47101;0.79271;0.2863;0.27598;0.23775;0.2762;0.28052;0.2397
0.33959;0.37529;0.79776;0.33436;0.28192;0.23841;0.29494;0.28883;0.26639
0.3451;0.4236;0.78187;0.28368;0.26469;0.25191;0.28657;0.27853;0.23744
0.34505;0.34413;0.78307;0.28475;0.28092;0.2386;0.26791;0.2915;0.23637
0.36016;0.36223;0.79103;0.30473;0.28365;0.26133;0.31841;0.27625;0.25199
0.33925;0.36083;0.83473;0.2663;0.26033;0.23663;0.2803;0.30923;0.23931
0.35399;0.36385;0.77598;0.30226;0.2769;0.2382;0.28274;0.29152;0.23929
0.34375;0.35861;0.77008;0.29488;0.27167;0.2382;0.29144;0.29857;0.23905
0.34585;0.36677;0.80414;0.31763;0.41188;0.29357;0.36485;0.33695;0.26349
0.48298;0.43328;0.80277;0.26075;0.28212;0.24736;0.27675;0.27219;0.23708
0.35902;0.34239;0.77662;0.28383;0.27812;0.24908;0.28158;0.29212;0.25012
0.38516;0.3862;0.8577;0.2821;0.29615;0.24186;0.27158;0.29776;0.24554
0.39631;0.36744;0.80386;0.28497;0.30004;0.34236;0.27416;0.28177;0.24124
0.37265;0.35376;0.78057;0.34057;0.289;0.24919;0.28801;0.28612;0.2413
0.34145;0.35092;0.77725;0.30316;0.29345;0.23911;0.29183;0.29274;0.24404
0.34735;0.4506;0.84317;0.30862;0.29822;0.24052;0.28402;0.2913;0.24677
0.36652;0.37129;0.77442;0.36536;0.28507;0.2439;0.27503;0.28711;0.23783
0.35579;0.35201;0.78149;0.28562;0.29131;0.24296;0.28625;0.29194;0.23847
0.36383;0.34993;0.77221;0.29071;0.28012;0.23844;0.28039;0.29362;0.27707
0.37883;0.37973;0.78809;0.29828;0.27854;0.24043;0.275;0.28659;0.23867
0.34503;0.36082;0.80443;0.31144;0.28291;0.24627;0.28326;0.28584;0.24148
0.35566;0.36381;0.81279;0.27504;0.27258;0.23795;0.29025;0.29458;0.23667
0.35645;0.35817;0.7702;0.27534;0.28367;0.24341;0.29593;0.28091;0.24847
0.36048;0.3637;0.78467;0.28568;0.26764;0.23752;0.28487;0.31153;0.24457
0.34231;0.38098;0.7825;0.29577;0.30386;0.23738;0.28655;0.27858;0.26261
0.35262;0.3459;0.7339;0.29331;0.28574;0.23702;0.28342;0.28255;0.23889
0.34765;0.35176;0.78026;0.28544;0.27972;0.24408;0.27892;0.28854;0.24107
0.33967;0.35721;0.77735;0.27727;0.27439;0.24057;0.28829;0.30475;0.23979
0.3432;0.39638;0.81365;0.32305;0.27864;0.23836;0.30103;0.28166;0.23653
0.34109;0.37062;0.78159;0.28583;0.27329;0.23897;0.29126;0.29049;0.25741
0.35294;0.35825;0.78548;0.28584;0.27498;0.24945;0.30327;0.41006;0.30562
0.45088;0.3954;0.79517;0.27906;0.27674;0.24059;0.288;0.27291;0.24287
0.35481;0.3549;0.793;0.28457;0.27971;0.23874;0.29415;0.28786;0.24334
0.38319;0.36775;0.79022;0.27815;0.27524;0.23869;0.29287;0.27616;0.25854
0.37086;0.35915;0.81678;0.2802;0.28402;0.2487;0.27719;0.27804;0.24087
0.3685;0.34478;0.79753;0.27028;0.29569;0.2717;0.27873;0.27993;0.23882
0.36795;0.35404;0.8821;0.29593;0.27751;0.26751;0.28448;0.28499;0.24748
0.36207;0.34997;0.78562;0.28645;0.29058;0.24366;0.2718;0.27895;0.23722
0.36864;0.34358;0.84626;0.27612;0.29909;0.24937;0.27703;0.28323;0.23689
0.35742;0.37003;0.82075;0.27683;0.30292;0.25118;0.28328;0.27913;0.23768
0.35567;0.36238;0.79199;0.28721;0.27253;0.25557;0.27941;0.27607;0.23966
0.35027;0.34959;0.82047;0.28541;0.28145;0.25219;0.29014;0.29361;0.24077
0.36591;0.36559;0.79182;0.28205;0.28124;0.2522;0.27844;0.28298;0.24541
0.37673;0.3506;0.83749;0.28452;0.28761;0.24405;0.28557;0.28214;0.25131
0.35677;0.36549;0.81448;0.29308;0.28767;0.23794;0.29135;0.26564;0.24697
0.35848;0.34801;0.79068;0.27631;0.28815;0.24022;0.28205;0.27348;0.25765
0.34726;0.3617;0.82168;0.28001;0.30455;0.24363;0.29493;0.27683;0.24424
0.36171;0.34688;0.80353;0.28867;0.29705;0.24212;0.28707;0.2805;0.25494
0.36749;0.35195;0.80065;0.27667;0.2981;0.24039;0.28354;0.28843;0.24664
0.35144;0.34733;0.81117;0.27564;0.30947;0.2433;0.27237;0.27679;0.25536
0.35647;0.34668;0.78082;0.27286;0.29475;0.25093;0.29637;0.27946;0.24416
0.34691;0.38331;0.78603;0.28057;0.29241;0.24733;0.28535;0.27793;0.27373
0.34858;0.34455;0.80278;0.28772;0.3191;0.24425;0.29395;0.28705;0.25289
0.35755;0.35361;0.7845;0.27177;0.28177;0.24091;0.2775;0.28138;0.25293
0.35322;0.36973;0.79448;0.27258;0.29181;0.24025;0.29152;0.27414;0.25408
0.34726;0.34555;0.82139;0.2904;0.29005;0.24323;0.27919;0.30368;0.24401
0.35041;0.36738;0.80948;0.27656;0.29198;0.23803;0.29821;0.29016;0.23996
0.34558;0.36097;0.79846;0.30452;0.28818;0.23822;0.27856;0.28162;0.24272
0.35065;0.35415;0.78481;0.27393;0.27731;0.2383;0.27579;0.29652;0.24361
0.34459;0.35543;0.80989;0.28385;0.28593;0.23896;0.27965;0.27488;0.26027
0.36329;0.36441;0.811;0.28348;0.30265;0.24097;0.30147;0.30206;0.23818
0.35657;0.36695;0.79561;0.293;0.2696;0.23994;0.27696;0.28165;0.23837
0.34394;0.3572;0.80099;0.29149;0.28598;0.23961;0.27893;0.30889;0.29675
0.35798;0.36334;0.75845;0.28962;0.26236;0.23913;0.28298;0.28112;0.23714
0.36328;0.34742;0.78965;0.28262;0.27169;0.23898;0.28409;0.27324;0.23739
0.34709;0.33159;0.78166;0.27809;0.27089;0.23871;0.28386;0.29473;0.24221
0.34622;0.34566;0.78229;0.27863;0.29009;0.23762;0.2691;0.27782;0.24597
0.34122;0.36053;0.77977;0.28142;0.2863;0.2379;0.26941;0.27908;0.24906
0.35929;0.34314;0.7796;0.27461;0.2838;0.23729;0.28238;0.28064;0.24201
0.34196;0.33524;0.79073;0.27227;0.27885;0.24039;0.28601;0.2907;0.24613
0.34638;0.34633;0.77668;0.28506;0.26907;0.2485;0.28496;0.28242;0.24421
0.35906;0.35237;0.78809;0.26906;0.2743;0.24561;0.28196;0.27878;0.23766
0.35934;0.34075;0.77827;0.28274;0.27268;0.24378;0.28799;0.27111;0.23755
0.35837;0.35025;0.79565;0.27712;0.27702;0.24301;0.28449;0.39073;0.25382
0.41699;0.34481;0.79294;0.28282;0.27418;0.24346;0.24181;0.48778;0.50932
0.55695;0.4564;0.795;0.27644;0.28047;0.22459;0.23405;0.23384;0.20009
0.29054;0.28959;0.67059;0.23888;0.24342;0.20737;0.23986;0.23038;0.23848
0.32587;0.30263;0.69419;0.29339;0.25255;0.21189;0.25382;0.24859;0.21074
0.31517;0.32906;0.69668;0.24639;0.23375;0.20699;0.26448;0.32857;0.21195
0.29491;0.3061;0.77575;0.22107;0.24477;0.21875;0.3098;0.26769;0.24038
0.35679;0.32995;1.16567;0.25359;0.24464;0.2043;0.69208;1.00246;0.26377
0.48998;0.87875;1.33801;0.69453;0.40763;0.27672;0.42257;0.3405;0.25817
0.45239;0.44728;1.08337;0.33026;0.32877;0.46444;0.81304;0.65339;0.59028
0.45737;0.29623;0.7184;0.25707;0.25852;0.30108;0.2374;0.24352;0.25373
0.29766;0.30547;0.71185;0.24092;0.22916;0.20369;0.24485;0.23734;0.20494
0.42881;0.32182;0.74034;0.26067;0.23183;0.23645;0.22275;0.27706;0.21127
0.32078;0.30809;0.71144;0.23013;0.27543;0.19859;0.25276;0.27168;0.26133
0.32651;0.34234;0.68331;0.23364;0.23242;0.20348;0.26469;0.36613;0.21565
0.50102;0.36962;0.72341;0.23709;0.2321;0.19979;0.24005;0.23415;0.19671
0.28775;0.29455;0.65139;0.23459;0.24393;0.22064;0.23344;0.23997;0.21599
0.30165;0.30962;0.66567;0.23845;0.24374;0.20963;0.24617;0.25381;0.19914
0.30377;0.29795;0.65298;0.24879;0.24557;0.19919;0.24349;0.23612;0.19662
0.29165;0.29005;0.64934;0.23179;0.23711;0.20179;0.22168;0.22675;0.19558
0.29384;0.29025;0.61779;0.23165;0.22565;0.19554;0.21912;0.23194;0.20612
0.30103;0.27882;0.65772;0.22986;0.23475;0.20611;0.22444;0.22934;0.19802
0.28796;0.301;0.63835;0.23717;0.23758;0.1982;0.23583;0.23335;0.20427
0.28752;0.28999;0.6538;0.23285;0.23917;0.20167;0.22615;0.23078;0.19542
0.28511;0.29416;0.84431;0.278;0.23606;0.19809;0.23292;0.23593;0.19867
0.29725;0.28089;0.64958;0.23683;0.23574;0.19564;0.23038;0.2287;0.19983
0.299;0.28273;0.64773;0.23638;0.24146;0.19766;0.23894;0.23643;0.19833
0.29165;0.28433;0.65804;0.22865;0.23745;0.1966;0.22444;0.22635;0.19617
0.28668;0.3031;0.64778;0.2324;0.23074;0.19423;0.23454;0.23159;0.19412
0.2899;0.28544;0.64864;0.2329;0.22238;0.20232;0.24213;0.2205;0.19621
0.29745;0.29564;0.61907;0.24329;0.23741;0.19714;0.23383;0.22948;0.19769
0.27704;0.29059;0.66128;0.21759;0.21963;0.2;0.22448;0.22563;0.19771
0.29106;0.29291;0.63892;0.24207;0.22187;0.19608;0.23964;0.23693;0.2017
0.29063;0.28675;0.64846;0.23235;0.22585;0.20095;0.23238;0.22476;0.19897
0.28028;0.29926;0.64456;0.23117;0.23696;0.195;0.23228;0.2233;0.20627
0.28779;0.29069;0.63168;0.23817;0.22864;0.19994;0.23608;0.23023;0.20041
0.29771;0.29082;0.64061;0.24111;0.22403;0.20975;0.24075;0.23487;0.20129
0.2733;0.29358;0.65596;0.23506;0.22997;0.19534;0.23969;0.22902;0.19458
0.29867;0.30429;0.64137;0.24243;0.22644;0.19345;0.23162;0.21258;0.19945
0.28472;0.29315;0.6402;0.23528;0.24153;0.1969;0.23287;0.22294;0.19871
0.29125;0.29305;0.68413;0.24093;0.2331;0.19844;0.22664;0.22473;0.20069
0.29732;0.28581;0.6404;0.22812;0.22411;0.19875;0.23451;0.2221;0.19824
0.28697;0.28608;0.64936;0.23698;0.23457;0.19671;0.22782;0.2286;0.20753
0.28877;0.29019;0.64235;0.22673;0.22323;0.19635;0.24191;0.22387;0.19653
0.28858;0.29708;0.64135;0.22948;0.23451;0.20004;0.23708;0.22807;0.2035
0.29437;0.29018;0.65629;0.22943;0.22389;0.19984;0.234;0.22406;0.196
0.28904;0.28447;0.63694;0.23323;0.22783;0.19725;0.23264;0.21561;0.19723
0.28666;0.28332;0.65282;0.22377;0.23125;0.19667;0.23874;0.24624;0.1968
0.28821;0.29884;0.65472;0.22893;0.2439;0.19522;0.23313;0.22829;0.19783
0.30155;0.28661;0.6614;0.23038;0.2228;0.19663;0.23548;0.24137;0.19488
0.28656;0.29349;0.66119;0.22529;0.23095;0.20237;0.24274;0.22855;0.19586
0.28805;0.28789;0.6538;0.23668;0.23004;0.19727;0.23576;0.235;0.19386
0.28538;0.3025;0.64461;0.23561;0.23422;0.19665;0.22925;0.23678;0.19485
0.29149;0.28541;0.65077;0.2209;0.23356;0.19549;0.23758;0.22579;0.19744
0.29207;0.29178;0.65692;0.23538;0.2341;0.19702;0.22028;0.23473;0.19767
0.28449;0.28034;0.64984;0.22796;0.23453;0.19568;0.22606;0.22739;0.19395
0.28265;0.29578;0.63283;0.22957;0.23828;0.19737;0.22991;0.22416;0.19573
0.29749;0.29073;0.63951;0.23196;0.23771;0.19766;0.23784;0.23597;0.19687
0.2879;0.29668;0.65951;0.23056;0.21618;0.19938;0.24674;0.2256;0.19651
0.31086;0.29653;0.66117;0.2362;0.22376;0.195;0.22903;0.24261;0.19946
0.28967;0.29393;0.63488;0.22361;0.22961;0.20041;0.23533;0.24071;0.19834
0.29118;0.29065;0.65162;0.23569;0.23304;0.19426;0.22571;0.22705;0.19642
0.28635;0.28101;0.65097;0.22912;0.22932;0.19987;0.22033;0.22305;0.19622
0.3074;0.29132;0.64108;0.23343;0.22513;0.19714;0.2279;0.24437;0.1953
0.28844;0.28717;0.65661;0.23793;0.22992;0.20052;0.22966;0.24108;0.19694
0.28808;0.28781;0.64819;0.22688;0.21769;0.19793;0.22965;0.22851;0.19467
0.28226;0.28481;0.65492;0.22536;0.22727;0.19995;0.22307;0.22596;0.19699
0.28526;0.28077;0.64042;0.2437;0.22592;0.20002;0.23299;0.22969;0.19836
0.28393;0.29428;0.64329;0.23326;0.22887;0.196;0.24374;0.22602;0.19684
0.27558;0.28215;0.65143;0.23276;0.22708;0.19492;0.231;0.22836;0.20182
0.28767;0.28202;0.6493;0.22899;0.2177;0.19409;0.23556;0.23278;0.19835
0.28369;0.29813;0.64919;0.22995;0.22618;0.19812;0.23619;0.2285;0.20113
0.29816;0.30201;0.64844;0.22489;0.22821;0.19756;0.23226;0.22442;0.19868
0.28322;0.28795;0.63872;0.2229;0.22772;0.19633;0.23549;0.23111;0.19543
0.29012;0.29133;0.6395;0.23132;0.23231;0.1973;0.23351;0.22905;0.196
0.29219;0.30079;0.63989;0.22756;0.23659;0.19767;0.23236;0.22247;0.19665
0.29241;0.2847;0.64117;0.23117;0.22584;0.19732;0.22706;0.23367;0.19948
0.29463;0.28821;0.64245;0.23297;0.2361;0.19734;0.2323;0.23095;0.1985
0.29071;0.28587;0.63942;0.23262;0.2318;0.19702;0.24063;0.23172;0.19691
0.29536;0.28798;0.6474;0.22681;0.23863;0.19608;0.23927;0.22995;0.19639
0.30534;0.28893;0.65664;0.23442;0.22108;0.19664;0.2276;0.24336;0.1984
0.28801;0.28922;0.63619;0.21997;0.22242;0.20163;0.23028;0.22677;0.19666
0.28883;0.2964;0.63377;0.23041;0.21771;0.1957;0.22894;0.2363;0.19523
0.27087;0.28828;0.67087;0.22945;0.225;0.2015;0.23019;0.22961;0.19949
0.28344;0.28947;0.63861;0.23768;0.22953;0.19506;0.22672;0.2276;0.19601
0.29654;0.28435;0.63915;0.22893;0.23817;0.19924;0.23086;0.23071;0.19602
0.28783;0.29392;0.63899;0.2401;0.23012;0.19753;0.24406;0.23803;0.1999
0.29812;0.27662;0.63326;0.21799;0.23823;0.20085;0.22938;0.23276;0.19796
0.28714;0.28991;0.65318;0.23536;0.22643;0.19672;0.23065;0.22984;0.20586
0.27139;0.2914;0.62252;0.22421;0.22764;0.19506;0.23471;0.23004;0.19699
0.29414;0.29811;0.64315;0.23893;0.23247;0.19653;0.23947;0.22723;0.20247
0.29536;0.29836;0.6512;0.22837;0.23101;0.2028;0.24106;0.2265;0.19757
0.28252;0.31231;0.63586;0.24527;0.23138;0.19524;0.22344;0.23341;0.20349
0.29639;0.27977;0.63935;0.23141;0.22702;0.1972;0.23402;0.2256;0.1959
0.28323;0.31372;0.65306;0.23186;0.2295;0.19604;0.22632;0.22485;0.20552
0.30053;0.28624;0.66211;0.23384;0.23696;0.19711;0.23816;0.23115;0.19737
0.2962;0.30611;0.63628;0.2237;0.23051;0.19674;0.23827;0.23326;0.19963
0.29016;0.28032;0.67574;0.22796;0.23133;0.1997;0.23258;0.22531;0.19687
0.28896;0.29966;0.66197;0.23955;0.23635;0.19673;0.23202;0.22243;0.20102
0.28657;0.28157;0.64024;0.23297;0.22511;0.19647;0.24267;0.22808;0.19679
0.29129;0.29016;0.64285;0.22954;0.23297;0.19574;0.23016;0.23188;0.19547
0.27789;0.27814;0.64076;0.22449;0.22652;0.19774;0.24781;0.22366;0.19741
0.28706;0.28932;0.63544;0.2359;0.23097;0.1971;0.2294;0.23283;0.19661
0.28224;0.27889;0.66131;0.23415;0.22943;0.19659;0.23399;0.22715;0.19561
0.29341;0.29026;0.66014;0.23624;0.22969;0.19867;0.23486;0.22705;0.20078
0.2874;0.28916;0.66052;0.22923;0.22836;0.19731;0.23049;0.22768;0.19804
0.29638;0.28732;0.65121;0.2419;0.22465;0.19796;0.23197;0.23246;0.19517
0.28995;0.28583;0.64576;0.2171;0.22852;0.19819;0.22921;0.23736;0.19394
0.29456;0.28017;0.64537;0.22965;0.23586;0.20761;0.2321;0.23292;0.19584
0.30184;0.28151;0.64552;0.23614;0.21955;0.1991;0.2339;0.23747;0.19701
0.28971;0.29105;0.66117;0.23488;0.22244;0.202;0.22986;0.23904;0.19699
0.30021;0.28324;0.64066;0.23156;0.23431;0.19553;0.23352;0.24792;0.19835
0.28068;0.27203;0.65152;0.22583;0.22269;0.2015;0.2192;0.2261;0.19829
0.28662;0.29919;0.65107;0.23748;0.22461;0.19819;0.22843;0.23829;0.20148
0.28493;0.27981;0.81483;0.2354;0.23454;0.26581;0.28763;0.22896;0.19642
0.2973;0.27861;0.65474;0.23627;0.23528;0.19831;0.23281;0.22378;0.19517
0.28766;0.28566;0.63087;0.22374;0.23324;0.1947;0.23332;0.22385;0.19933
0.28291;0.28954;0.6433;0.22778;0.23071;0.19427;0.22618;0.22968;0.19473
0.27429;0.29414;0.63983;0.22953;0.23716;0.19943;0.23092;0.21988;0.19463
0.30449;0.28011;0.6357;0.24419;0.22922;0.1955;0.23382;0.23749;0.19899
0.28742;0.29871;0.65858;0.22652;0.23023;0.20108;0.23026;0.22699;0.19874
0.30554;0.29151;0.64735;0.23312;0.22449;0.19615;0.22849;0.23361;0.19681
0.29838;0.30098;0.66771;0.28507;0.24917;0.2001;0.24587;0.22854;0.19906
0.30654;0.28534;0.65571;0.22953;0.23991;0.19715;0.23335;0.24468;0.19662
0.29114;0.28012;0.63659;0.22854;0.2255;0.20179;0.22998;0.22162;0.19677
0.29388;0.29442;0.65545;0.23301;0.23444;0.19795;0.24326;0.23356;0.19667
0.2906;0.2879;0.65285;0.22849;0.23018;0.20649;0.2293;0.22845;0.19676
0.29696;0.28511;0.66077;0.21675;0.22643;0.19659;0.23634;0.22799;0.19798
0.29524;0.29393;0.65945;0.23406;0.22486;0.20212;0.24176;0.2264;0.19757
0.30852;0.29249;0.63645;0.22118;0.23255;0.19866;0.23509;0.22934;0.19597
0.28841;0.2875;0.65302;0.22676;0.23035;0.20012;0.23785;0.23579;0.19529
0.29751;0.3005;0.65004;0.23642;0.2374;0.19686;0.22398;0.23389;0.19834
0.29464;0.28029;0.65021;0.22551;0.22907;0.20124;0.23567;0.23236;0.19868
0.28777;0.29271;0.64588;0.23768;0.22679;0.19665;0.22294;0.22855;0.19813
0.27856;0.29068;0.64734;0.22976;0.23374;0.20381;0.22463;0.23135;0.19556
0.28331;0.28766;0.6397;0.23601;0.22517;0.19711;0.22553;0.21822;0.20103
0.29087;0.29041;0.64493;0.23122;0.22704;0.19842;0.23701;0.22901;0.19912
0.29546;0.29515;0.64489;0.23722;0.22861;0.19761;0.23171;0.23873;0.20669
0.29504;0.28623;0.64127;0.22228;0.22813;0.19573;0.2505;0.23849;0.19507
0.28188;0.30269;0.63391;0.2411;0.23765;0.19631;0.21987;0.22661;0.19872
0.27544;0.2802;0.65196;0.22922;0.22437;0.19634;0.22808;0.232;0.19507
0.29867;0.29118;0.64574;0.23607;0.22746;0.19446;0.2301;0.23439;0.20178
0.29381;0.29079;0.63477;0.23023;0.22178;0.19693;0.24175;0.22386;0.19808
0.28949;0.28999;0.62886;0.23251;0.24304;0.19641;0.22452;0.22826;0.19745
0.29099;0.29551;0.64513;0.23629;0.232;0.19657;0.23436;0.23153;0.19698
0.2814;0.28726;0.63604;0.22435;0.23637;0.19783;0.2335;0.22563;0.19463
0.28537;0.27794;0.66088;0.23572;0.23087;0.19509;0.22704;0.22951;0.19424
0.28007;0.29286;0.65907;0.23176;0.23675;0.19878;0.23424;0.23521;0.19913
0.29833;0.29825;0.6487;0.221;0.23127;0.19451;0.23474;0.23023;0.1954
0.29116;0.29669;0.64206;0.24075;0.23591;0.20036;0.23767;0.22459;0.19428
0.29614;0.28486;0.63904;0.23527;0.22348;0.19703;0.22475;0.23106;0.19536
0.28827;0.28677;0.65052;0.23354;0.22765;0.20139;0.21947;0.2295;0.1969
0.29522;0.29209;0.6421;0.2376;0.23103;0.19797;0.22796;0.23764;0.19655
0.29385;0.27298;0.64555;0.23661;0.21777;0.20505;0.22873;0.22907;0.1958
0.28233;0.30211;0.6442;0.23678;0.22634;0.1987;0.23604;0.22413;0.20321
0.29263;0.28172;0.6386;0.21919;0.23879;0.19614;0.232;0.227;0.20074
0.29678;0.29396;0.6406;0.23867;0.23367;0.19489;0.21826;0.22356;0.19988
0.28665;0.28145;0.65881;0.2215;0.23097;0.19397;0.23441;0.22584;0.19699
0.28772;0.30247;0.63258;0.23071;0.23141;0.19559;0.24035;0.23265;0.20272
0.28967;0.29445;0.64487;0.22017;0.23877;0.19534;0.24195;0.23487;0.19839
0.28661;0.28653;0.64937;0.22894;0.23521;0.1963;0.22745;0.22625;0.20113
0.29269;0.28976;0.63827;0.23173;0.23172;0.19627;0.24278;0.2255;0.19641
0.2849;0.29434;0.64756;0.22858;0.23464;0.19513;0.22844;0.23256;0.19801
0.2905;0.28574;0.64632;0.22656;0.22301;0.19628;0.22759;0.23946;0.19936
0.29134;0.28405;0.64225;0.23431;0.22962;0.19702;0.22235;0.23467;0.1952
0.29084;0.27556;0.64873;0.22809;0.22144;0.19556;0.22782;0.23595;0.19787
0.2855;0.28537;0.65897;0.225;0.2218;0.1979;0.23159;0.22927;0.19884
0.2952;0.28469;0.64193;0.23076;0.23135;0.19417;0.2145;0.23931;0.199
0.29214;0.28572;0.649;0.23889;0.22082;0.20247;0.24292;0.22714;0.19887
0.28459;0.26748;0.63104;0.2363;0.22047;0.19636;0.23669;0.22983;0.20297
0.28814;0.27895;0.63941;0.23368;0.22971;0.20677;0.23531;0.23165;0.19824
0.28826;0.29268;0.64673;0.23626;0.22486;0.19597;0.23067;0.23474;0.20238
0.29019;0.28749;0.65206;0.23074;0.22679;0.19527;0.24705;0.22929;0.19483
0.29418;0.29028;0.63467;0.24002;0.23099;0.19608;0.23048;0.23753;0.20181
0.28171;0.27315;0.64521;0.2341;0.22983;0.19799;0.24402;0.21997;0.19742
0.28251;0.29195;0.64679;0.23966;0.22607;0.19645;0.22315;0.22278;0.20265
0.29789;0.2912;0.64381;0.22418;0.22437;0.19406;0.23563;0.22884;0.19743
0.28958;0.30211;0.63808;0.22785;0.23799;0.23714;0.31594;0.31384;0.26372
0.34805;0.31954;0.78285;0.27032;0.27749;0.19999;0.22563;0.23142;0.19679
0.28369;0.29456;0.64732;0.23344;0.22434;0.19779;0.23442;0.22439;0.20109
0.27788;0.29933;0.65603;0.23211;0.23116;0.19594;0.2245;0.22037;0.19601
0.29826;0.2731;0.65;0.23174;0.22334;0.19457;0.24658;0.22198;0.19512
0.28809;0.28082;0.6418;0.22983;0.23804;0.19708;0.23062;0.22065;0.19533
0.28312;0.28927;0.63098;0.23118;0.22866;0.19697;0.23189;0.24105;0.19616
0.28478;0.29188;0.63226;0.227;0.2405;0.20206;0.23613;0.22818;0.19448
0.29924;0.27931;0.63976;0.22382;0.22884;0.19608;0.22203;0.24158;0.19691
0.28243;0.28868;0.65046;0.22475;0.23608;0.20207;0.22605;0.22885;0.19684
0.28211;0.29163;0.64967;0.24598;0.22429;0.195;0.22945;0.22743;0.20254
0.28081;0.28328;0.63998;0.23023;0.22645;0.2021;0.24078;0.23172;0.19652
0.28739;0.30051;0.61491;0.2355;0.21382;0.1966;0.2215;0.22013;0.19951
0.28718;0.29509;0.6503;0.2277;0.23842;0.19714;0.23147;0.2308;0.19774
0.30617;0.28512;0.64088;0.23568;0.239;0.19779;0.2243;0.22737;0.20303
0.3016;0.28768;0.64445;0.24059;0.2229;0.19823;0.2387;0.22894;0.19668
0.29514;0.29016;0.64053;0.22659;0.23454;0.19502;0.22613;0.23005;0.1975
0.29038;0.2876;0.67784;0.23701;0.23026;0.19686;0.23561;0.22795;0.19552
0.29291;0.30396;0.65655;0.23492;0.23203;0.19594;0.22395;0.22894;0.19597
0.28995;0.28341;0.64715;0.23443;0.22937;0.19631;0.23411;0.23168;0.19544
0.27664;0.2931;0.62936;0.22562;0.23998;0.19547;0.22368;0.22853;0.19982
0.30668;0.28402;0.6581;0.22689;0.22549;0.19717;0.23173;0.23436;0.19632
0.29029;0.28288;0.64739;0.23858;0.23715;0.19519;0.22742;0.22134;0.19692
0.29557;0.28382;0.64819;0.22632;0.22578;0.19547;0.23652;0.23152;0.19874
0.28577;0.29491;0.64622;0.23183;0.22729;0.19876;0.23247;0.22686;0.19608
0.27483;0.27796;0.63864;0.23838;0.23303;0.19607;0.22913;0.22604;0.19709
0.28045;0.29953;0.66249;0.22049;0.22941;0.20271;0.23292;0.22682;0.19586
0.27902;0.29039;0.64104;0.23811;0.22972;0.19754;0.23014;0.22841;0.20442
0.28392;0.28994;0.63957;0.23398;0.23433;0.19872;0.2279;0.23132;0.19708
0.30264;0.30188;0.64149;0.2324;0.22942;0.19597;0.23004;0.21935;0.20221
0.28402;0.28503;0.63696;0.22108;0.23532;0.19659;0.22919;0.22408;0.19629
0.28789;0.57179;0.72401;0.2231;0.23308;0.19937;0.23541;0.23419;0.19916
0.29341;0.287;0.64684;0.24051;0.23536;0.19752;0.23795;0.22784;0.19804
0.30551;0.28452;0.66324;0.23243;0.23025;0.19339;0.24002;0.232;0.19512
0.28698;0.27967;0.64635;0.21995;0.22142;0.19771;0.23585;0.23082;0.19418
0.30526;0.28644;0.63814;0.24113;0.23117;0.19747;0.22968;0.2368;0.19684
0.28787;0.29059;0.67111;0.2321;0.22835;0.2007;0.23564;0.23076;0.19677
0.29292;0.29159;0.65209;0.22949;0.22554;0.19601;0.23364;0.225;0.19601
0.27692;0.30193;0.63291;0.22411;0.23072;0.20519;0.22484;0.27016;0.20315
0.29914;0.29036;0.64574;0.23116;0.22809;0.19672;0.2222;0.24012;0.19877
0.28396;0.29811;0.66682;0.23048;0.22482;0.20229;0.22969;0.22725;0.19642
0.2925;0.29805;0.64454;0.23311;0.22796;0.1972;0.2343;0.22977;0.19574
0.30067;0.28268;0.6529;0.21946;0.21984;0.19779;0.23413;0.23228;0.19735
0.2923;0.30549;0.633;0.23939;0.23882;0.19619;0.23034;0.22663;0.19915
0.27875;0.28625;0.71711;0.27733;0.28804;0.23909;0.27477;0.22437;0.1975
0.32148;0.36199;0.65442;0.23174;0.22701;0.1957;0.22041;0.23041;0.19802
0.29115;0.29839;0.66275;0.23061;0.23306;0.19508;0.2326;0.22283;0.19616
0.30005;0.27356;0.62473;0.22726;0.22847;0.19532;0.23069;0.24336;0.19626
0.28323;0.28897;0.63128;0.22639;0.22811;0.19787;0.22235;0.2308;0.19644
0.28556;0.289;0.63433;0.23702;0.22361;0.19375;0.23882;0.23017;0.1972
0.28436;0.27779;0.64851;0.22932;0.2336;0.19896;0.22915;0.22658;0.19612
0.28974;0.27799;0.65007;0.23781;0.23107;0.19384;0.23019;0.23011;0.19715
0.28627;0.28847;0.65782;0.23417;0.22281;0.20431;0.23937;0.23003;0.19913
0.28848;0.2976;0.64611;0.24091;0.23943;0.19969;0.22818;0.22135;0.20081
0.28383;0.2981;0.6518;0.22747;0.21822;0.20027;0.24699;0.22027;0.19838
0.29043;0.28116;0.66321;0.23929;0.23607;0.19715;0.24431;0.23173;0.20139
0.30157;0.28876;0.63266;0.23506;0.23394;0.19785;0.23739;0.23161;0.19987
0.29133;0.30032;0.63767;0.23085;0.23628;0.1976;0.22817;0.22638;0.2009
0.29396;0.28839;0.66502;0.23461;0.21917;0.19835;0.23057;0.22851;0.19741
0.28684;0.28969;0.65057;0.23517;0.23662;0.19716;0.22605;0.22116;0.20426
0.28482;0.28849;0.65421;0.24183;0.23625;0.19697;0.23675;0.22512;0.19644
0.30291;0.28692;0.64587;0.23284;0.22922;0.19659;0.23001;0.23286;0.20188
0.28855;0.29067;0.63759;0.22606;0.23096;0.19661;0.23002;0.2307;0.19367
0.28564;0.2951;0.62904;0.24745;0.23571;0.19782;0.22102;0.2272;0.19773
0.30115;0.29725;0.65786;0.23456;0.23701;0.20111;0.24636;0.22722;0.19619
0.29729;0.27641;0.6631;0.2276;0.23952;0.19667;0.22907;0.23375;0.19663
0.29495;0.28648;0.65614;0.2296;0.23538;0.19588;0.23185;0.22372;0.19522
0.28179;0.28892;0.63182;0.22487;0.23636;0.19944;0.23285;0.22083;0.19488
0.30387;0.29268;0.6649;0.22718;0.23286;0.19541;0.236;0.22882;0.19547
0.2862;0.28609;0.66616;0.22903;0.22408;0.20109;0.2218;0.22459;0.21625
0.29419;0.29749;0.65607;0.23466;0.22318;0.19716;0.23656;0.23104;0.19812
0.29575;0.28915;0.66174;0.23344;0.22522;0.20092;0.22063;0.22617;0.19969
0.29153;0.28397;0.65642;0.23475;0.23399;0.19436;0.23007;0.23182;0.19543
0.28497;0.28828;0.65031;0.22039;0.23303;0.19945;0.22541;0.23382;0.19798
0.27838;0.29397;0.64596;0.23397;0.2327;0.19474;0.23105;0.23223;0.19901
0.2864;0.29395;0.64527;0.22315;0.22625;0.19533;0.23727;0.23242;0.19571
0.27889;0.29053;0.63488;0.23221;0.23586;0.19856;0.2222;0.23619;0.19911
0.28595;0.28464;0.67149;0.22869;0.23547;0.20617;0.22813;0.23339;0.20069
0.29171;0.28913;0.66099;0.24761;0.23299;0.1974;0.23049;0.23749;0.20212
0.2937;0.29908;0.65309;0.22762;0.2301;0.19865;0.24446;0.22551;0.19617
0.29233;0.29989;0.64451;0.22677;0.24454;0.19656;0.23324;0.2352;0.20062
0.29056;0.28611;0.64837;0.2354;0.22908;0.19889;0.24328;0.2288;0.19846
0.2885;0.30807;0.63301;0.22674;0.23071;0.19726;0.22548;0.2254;0.20699
0.29032;0.27332;0.66265;0.23721;0.22972;0.19738;0.23986;0.22871;0.19579
0.29436;0.29302;0.64976;0.23053;0.22748;0.19673;0.23103;0.22431;0.19662
0.29704;0.28206;0.64128;0.23561;0.23392;0.19673;0.23716;0.2306;0.1964
0.28694;0.29311;0.63595;0.22874;0.23154;0.19913;0.21922;0.22576;0.19617
0.31478;0.29255;0.65513;0.23576;0.22629;0.19426;0.23977;0.23405;0.19602
0.28973;0.2899;0.66833;0.23383;0.23046;0.19729;0.24187;0.22621;0.19592
0.29428;0.31513;0.65121;0.22964;0.22345;0.19689;0.24541;0.23371;0.19872
0.28475;0.28353;0.62929;0.23075;0.23975;0.19639;0.23551;0.2247;0.19685
0.29856;0.28125;0.63497;0.2274;0.22961;0.19717;0.22835;0.23866;0.1961
0.28965;0.29488;0.6574;0.22665;0.22971;0.19659;0.23538;0.23797;0.19717
0.30309;0.28596;0.64003;0.2365;0.22261;0.20024;0.22252;0.23996;0.19589
0.28566;0.28706;0.65821;0.22252;0.2232;0.19787;0.23356;0.22759;0.19457
0.28408;0.27701;0.63156;0.23102;0.22091;0.19631;0.23764;0.22768;0.19667
0.29746;0.27813;0.66317;0.23119;0.22057;0.20178;0.23359;0.23171;0.19772
0.28824;0.29284;0.6496;0.23764;0.22852;0.19748;0.24198;0.22395;0.1961
0.28712;0.28464;0.65808;0.22305;0.23344;0.20275;0.22479;0.22842;0.19855
0.28903;0.29429;0.65256;0.23783;0.22963;0.19667;0.2336;0.2318;0.20013
0.29171;0.28515;0.63605;0.22975;0.2162;0.19773;0.23459;0.22164;0.19438
0.27945;0.31373;0.64222;0.23597;0.22362;0.1944;0.23984;0.22033;0.20093
0.28664;0.29198;0.66115;0.22792;0.22398;0.19417;0.23165;0.23547;0.19407
0.28562;0.2942;0.62251;0.22613;0.23484;0.19664;0.23236;0.22954;0.20164
0.28576;0.28704;0.65459;0.23758;0.22898;0.19824;0.23441;0.23348;0.19675
0.29784;0.30135;0.63671;0.2316;0.22739;0.19773;0.22528;0.22579;0.20207
0.28636;0.29636;0.65516;0.22953;0.22992;0.19951;0.23633;0.25326;0.19656
0.28349;0.29102;0.66644;0.23122;0.23289;0.19775;0.23636;0.22656;0.20396
0.29795;0.28989;0.66723;0.23239;0.22595;0.19834;0.23285;0.24103;0.19744
0.29287;0.30049;0.6646;0.24494;0.23273;0.19856;0.23442;0.23963;0.20387
0.28323;0.29618;0.66837;0.23453;0.22349;0.19588;0.29012;0.24086;0.19537
0.28654;0.30181;0.64254;0.22482;0.23368;0.19589;0.23397;0.22958;0.20308
0.28686;0.28249;0.63929;0.22857;0.22093;0.19696;0.2307;0.22079;0.19677
0.29369;0.28367;0.67155;0.24501;0.23283;0.20381;0.23164;0.2327;0.20079
0.30052;0.29892;0.63602;0.22529;0.22571;0.19695;0.24118;0.23778;0.19748
0.29447;0.2963;0.65618;0.24063;0.23106;0.19719;0.24103;0.21795;0.20019
0.29709;0.29145;0.64478;0.23304;0.23966;0.19619;0.23542;0.22474;0.19498
0.29225;0.29077;0.65197;0.24442;0.23986;0.19812;0.22718;0.22205;0.20425
0.28635;0.2878;0.64202;0.2243;0.22659;0.19522;0.23088;0.22613;0.19335
0.28253;0.28953;0.64684;0.23442;0.22636;0.19646;0.23527;0.22868;0.1988
0.28554;0.29444;0.66071;0.2279;0.23041;0.19664;0.23872;0.22443;0.19643
0.29072;0.29081;0.64661;0.22569;0.23395;0.1961;0.22504;0.22997;0.19914
0.28727;0.29172;0.65207;0.24301;0.23332;0.19554;0.24965;0.22624;0.19786
0.29759;0.28426;0.64299;0.23893;0.24209;0.19601;0.22935;0.22871;0.20017
0.28339;0.29159;0.67137;0.23713;0.23593;0.19591;0.23561;0.23725;0.19628
0.29888;0.29124;0.64512;0.23824;0.23188;0.19634;0.22624;0.23846;0.2034
0.28382;0.28711;0.64165;0.22701;0.22378;0.1967;0.23386;0.23103;0.19717
0.2942;0.28872;0.64635;0.23081;0.22719;0.19428;0.23127;0.23131;0.19503
0.302;0.28949;0.65212;0.233;0.22892;0.19546;0.23401;0.22379;0.19692
0.28263;0.30425;0.6386;0.23756;0.22874;0.1966;0.22813;0.23604;0.19964
0.28696;0.29176;0.64956;0.22562;0.22797;0.19628;0.22934;0.23368;0.19923
0.28446;0.28045;0.66749;0.2354;0.2289;0.19651;0.22903;0.23034;0.19716
0.29564;0.28918;0.66623;0.23723;0.22146;0.19535;0.23782;0.2427;0.19781
0.28324;0.28662;0.66573;0.22915;0.23061;0.19705;0.22845;0.21797;0.20016
0.29892;0.28945;0.65591;0.23115;0.23251;0.19675;0.23233;0.24291;0.1968
0.28642;0.29791;0.66293;0.23007;0.2361;0.19598;0.2387;0.2314;0.19678
0.29432;0.28007;0.63694;0.2225;0.23136;0.19645;0.23336;0.22978;0.1974
0.288;0.29043;0.61851;0.22959;0.22672;0.20079;0.23021;0.22906;0.19428
0.29759;0.28688;0.62101;0.23386;0.22485;0.19419;0.22777;0.23722;0.195
0.29423;0.29057;0.65689;0.22284;0.23725;0.20524;0.22752;0.22539;0.19437
0.29003;0.28105;0.63883;0.23326;0.22718;0.19646;0.22445;0.21848;0.20491
0.29185;0.27931;0.64511;0.22764;0.21586;0.19444;0.22684;0.22961;0.19914
0.28119;0.2871;0.63827;0.24068;0.22426;0.19487;0.22879;0.22561;0.19913
0.2822;0.30775;0.63471;0.23104;0.23766;0.19626;0.2431;0.22588;0.19636
0.28122;0.29929;0.62861;0.23437;0.23144;0.19937;0.22109;0.22522;0.20089
0.28459;0.28744;0.65061;0.2298;0.22402;0.19598;0.23215;0.22536;0.19836
0.28646;0.28044;0.65007;0.23312;0.237;0.19399;0.22715;0.23144;0.19743
0.29974;0.28691;0.65537;0.23193;0.22568;0.19412;0.2341;0.23892;0.19736
0.28835;0.30348;0.63831;0.23124;0.2462;0.19719;0.22855;0.30886;0.20742
0.30192;0.28479;0.78091;0.22484;0.22494;0.19772;0.23839;0.22685;0.19573
0.28861;0.28466;0.6399;0.23534;0.22415;0.19598;0.22854;0.22045;0.20326
0.28821;0.27972;0.65706;0.2286;0.22163;0.19665;0.24534;0.23781;0.19704
0.29657;0.28458;0.63887;0.22684;0.22977;0.19657;0.22765;0.21917;0.19611
0.30149;0.30152;0.62187;0.23741;0.22869;0.19591;0.24142;0.23492;0.19695
0.28242;0.28634;0.64553;0.23074;0.22787;0.19656;0.21914;0.22821;0.1969
0.28396;0.28936;0.66094;0.24049;0.22854;0.19915;0.23218;0.23104;0.19858
0.28598;0.28968;0.65325;0.22496;0.23099;0.19696;0.23713;0.21827;0.19834
0.29575;0.28344;0.63556;0.22303;0.22261;0.19545;0.23301;0.23718;0.19796
0.29812;0.29006;0.65085;0.22543;0.22092;0.20056;0.22683;0.22436;0.19767
0.29345;0.29059;0.64145;0.23877;0.22177;0.19812;0.22952;0.23132;0.19882
0.29617;0.29971;0.65531;0.23866;0.22122;0.19967;0.22914;0.23444;0.19719
0.29855;0.28632;0.65333;0.24873;0.23272;0.19613;0.23567;0.2424;0.19633
0.29469;0.29245;0.65548;0.23101;0.23052;0.2006;0.22693;0.22538;0.19403
0.28901;0.28677;0.64544;0.23776;0.22186;0.19554;0.23311;0.24386;0.1966
0.2862;0.30224;0.64872;0.23264;0.23299;0.20141;0.22812;0.22812;0.19545
0.29011;0.29265;0.64715;0.22767;0.22159;0.19575;0.22825;0.23337;0.2
0.2823;0.28019;0.63408;0.23776;0.23235;0.19562;0.22417;0.22369;0.1946
0.2825;0.28382;0.66233;0.24087;0.23079;0.19453;0.22542;0.23029;0.19901
0.28399;0.2834;0.64221;0.2267;0.22635;0.19712;0.22661;0.2279;0.19742
0.28975;0.3023;0.64376;0.22163;0.23705;0.19619;0.23024;0.22247;0.20002
0.29504;0.28275;0.66127;0.2318;0.22669;0.19546;0.23713;0.23773;0.19696
0.28573;0.29011;0.65302;0.22804;0.23307;0.19589;0.22461;0.23165;0.19865
0.27585;0.27883;0.66853;0.22759;0.23651;0.19555;0.22787;0.22204;0.19356
0.28406;0.32114;0.75626;0.23129;0.23638;0.19563;0.22756;0.22426;0.20153
0.29059;0.28343;0.63946;0.23411;0.21705;0.19486;0.23724;0.23101;0.19501
0.28763;0.29966;0.63459;0.23275;0.23757;0.19452;0.2273;0.22963;0.19883
0.28611;0.28438;0.64341;0.23769;0.22383;0.19604;0.23658;0.22512;0.19905
0.29161;0.28274;0.65034;0.23219;0.23883;0.19809;0.22096;0.2306;0.19932
0.29654;0.28532;0.64372;0.23246;0.23164;0.19692;0.22767;0.23983;0.19746
0.2952;0.29411;0.64088;0.23133;0.23202;0.19729;0.23576;0.2274;0.1978
0.29855;0.28618;0.66173;0.22218;0.23659;0.19613;0.23525;0.23471;0.19943
0.27967;0.29371;0.64644;0.22858;0.23406;0.19773;0.22825;0.23332;0.1954
0.28908;0.2814;0.67394;0.2296;0.22691;0.1994;0.2302;0.23573;0.1961
0.28827;0.28974;0.65227;0.23693;0.24224;0.19708;0.22589;0.23606;0.19652
0.29613;0.28936;0.65878;0.22523;0.22673;0.198;0.23415;0.23805;0.19627
0.29445;0.28899;0.66483;0.22649;0.23001;0.20331;0.22701;0.23319;0.19891
0.29343;0.28971;0.65506;0.22674;0.22909;0.19659;0.22933;0.23229;0.19854
0.28194;0.28953;0.63858;0.2299;0.21958;0.19989;0.23712;0.23845;0.19707
0.28745;0.29252;0.63196;0.24409;0.23728;0.19717;0.2256;0.22326;0.19826
0.28899;0.29238;0.65779;0.22929;0.22747;0.19824;0.23135;0.2283;0.19664
0.29878;0.29337;0.66705;0.2378;0.22926;0.19667;0.23378;0.2402;0.19679
0.28686;0.29247;0.6519;0.23204;0.22122;0.20032;0.23211;0.23157;0.19593
0.30532;0.28895;0.64669;0.23648;0.23466;0.19709;0.23353;0.22828;0.19803
0.29801;0.28123;0.65721;0.22534;0.2295;0.20074;0.23871;0.22397;0.1965
0.29029;0.29652;0.63849;0.23528;0.24367;0.19988;0.23006;0.22843;0.19851
0.27777;0.29062;0.65571;0.2307;0.22038;0.20165;0.24044;0.22927;0.1971
0.29557;0.30231;0.65268;0.23448;0.22332;0.19821;0.23012;0.2299;0.20471
0.28322;0.27639;0.67062;0.23208;0.23012;0.19985;0.23783;0.22684;0.197
0.34406;0.40633;0.87804;0.37215;0.38861;0.29345;0.32521;0.26599;0.24341
0.32807;0.29037;0.6685;0.22742;0.21958;0.19811;0.24111;0.23509;0.19603
0.29926;0.28767;0.65749;0.23049;0.23951;0.19775;0.23636;0.22882;0.20203
0.29981;0.29788;0.64785;0.24249;0.22056;0.2001;0.23728;0.24072;0.19745
0.29073;0.29513;0.64194;0.22097;0.23794;0.19403;0.24413;0.22286;0.20059
0.29213;0.28086;0.66129;0.23306;0.2325;0.19727;0.2387;0.23123;0.19885
0.30202;0.27767;0.64426;0.23014;0.23215;0.19799;0.2266;0.22775;0.19578
0.3002;0.28467;0.64214;0.23054;0.22896;0.19489;0.25187;0.23406;0.19621
0.28791;0.29808;0.64297;0.23785;0.23175;0.19755;0.2356;0.22593;0.19611
0.28316;0.29311;0.65562;0.23257;0.23374;0.19709;0.22453;0.2303;0.19543
0.29043;0.28644;0.67094;0.23422;0.2369;0.19455;0.2371;0.22749;0.19504
0.29705;0.29091;0.66478;0.23078;0.22507;0.19629;0.22393;0.23556;0.19741
0.27826;0.29865;0.66098;0.23606;0.2316;0.19803;0.22221;0.22813;0.19855
0.29707;0.29871;0.66108;0.22806;0.22508;0.19709;0.23836;0.24742;0.19741
0.28926;0.28557;0.64613;0.23753;0.24156;0.19576;0.24054;0.23306;0.19808
0.29198;0.28616;0.64465;0.23152;0.24326;0.19729;0.26484;0.24408;0.19926
0.3037;0.28088;0.65125;0.22737;0.23053;0.19707;0.2406;0.23411;0.19791
0.30012;0.29163;0.66334;0.23486;0.23167;0.19614;0.22824;0.23374;0.19615
0.29398;0.28528;0.65891;0.22404;0.23396;0.19789;0.23295;0.21444;0.19624
0.29726;0.29507;0.65709;0.23842;0.22207;0.1976;0.22895;0.23936;0.20139
0.28663;0.30073;0.65767;0.22752;0.23573;0.19903;0.22857;0.22484;0.1994
0.28;0.2964;0.63957;0.22603;0.22802;0.19693;0.2282;0.23574;0.19782
0.29268;0.29388;0.62774;0.23252;0.23071;0.2005;0.23224;0.2276;0.19701
0.29237;0.27671;0.64294;0.24223;0.23568;0.19724;0.22215;0.23165;0.20516
0.30406;0.28776;0.64188;0.23452;0.23702;0.20623;0.22804;0.23714;0.19801
0.27872;0.30184;0.65241;0.23152;0.21747;0.19713;0.22389;0.23686;0.20073
0.28996;0.29241;0.65289;0.22933;0.22662;0.20144;0.22134;0.22811;0.19725
0.28704;0.28868;0.63864;0.22791;0.22548;0.19438;0.22837;0.22429;0.20211
0.29416;0.28587;0.65766;0.2225;0.23193;0.196;0.22917;0.22973;0.19591
0.29203;0.28555;0.62796;0.22949;0.22902;0.19431;0.23849;0.22618;0.19697
0.2885;0.2855;0.64508;0.23204;0.22213;0.19433;0.22438;0.22837;0.19632
0.28961;0.30576;0.63525;0.22497;0.23608;0.19406;0.22139;0.22803;0.19651
0.29855;0.28708;0.6611;0.23833;0.22486;0.20074;0.22496;0.23424;0.19501
0.29189;0.29352;0.6383;0.23898;0.22587;0.19731;0.23315;0.22517;0.19746
0.28948;0.29418;0.64808;0.24041;0.22104;0.198;0.23603;0.23437;0.19959
0.27767;0.28929;0.648;0.23061;0.23533;0.20047;0.22833;0.23702;0.1969
0.29236;0.28265;0.75034;0.40522;0.26467;0.23209;0.28249;0.23805;0.19663
0.2856;0.28689;0.64891;0.23855;0.23418;0.19772;0.22722;0.23146;0.20064
0.28515;0.28112;0.63584;0.23071;0.23473;0.19619;0.23996;0.22965;0.19703
0.28604;0.3019;0.63506;0.22881;0.22878;0.19459;0.22295;0.22533;0.19643
0.296;0.29001;0.66147;0.22444;0.22325;0.19732;0.22953;0.233;0.19508
0.28538;0.29641;0.65693;0.22667;0.23643;0.19461;0.22657;0.22484;0.194
0.28029;0.28616;0.64668;0.2302;0.22166;0.19496;0.2264;0.23654;0.19709
0.27716;0.2837;0.6363;0.23188;0.23246;0.20536;0.22705;0.2259;0.19386
0.2865;0.2749;0.65339;0.24287;0.22924;0.19476;0.2363;0.2259;0.19582
0.28818;0.29427;0.65669;0.23022;0.22746;0.20249;0.24311;0.23131;0.1985
0.28802;0.29916;0.66873;0.23984;0.22315;0.19699;0.2386;0.23652;0.19735
0.29042;0.28523;0.65022;0.22356;0.23341;0.20143;0.22783;0.21149;0.19423
0.29374;0.29755;0.64602;0.23139;0.23737;0.19816;0.22724;0.23474;0.20006
0.28808;0.30156;0.65407;0.23845;0.22837;0.20229;0.22861;0.22272;0.19669
0.29161;0.30117;0.63479;0.24684;0.22786;0.1967;0.2305;0.23586;0.20069
0.2878;0.28024;0.66358;0.22092;0.23357;0.19896;0.24295;0.21957;0.19845
0.28457;0.28355;0.64298;0.23465;0.22931;0.19527;0.23123;0.23631;0.20578
0.29051;0.28492;0.63235;0.22787;0.24556;0.19472;0.22988;0.23413;0.19584
0.27925;0.2945;0.65735;0.2406;0.23197;0.19585;0.23177;0.23195;0.20084
0.28291;0.30475;0.65917;0.22767;0.22694;0.19549;0.23194;0.2262;0.19677
0.29291;0.29012;0.64144;0.218;0.23229;0.19602;0.23326;0.22364;0.19669
0.30465;0.2972;0.65237;0.22597;0.23347;0.19639;0.2345;0.22973;0.1952
0.29165;0.30118;0.66066;0.22525;0.23086;0.19606;0.22195;0.2208;0.19451
0.29986;0.27572;0.67464;0.23503;0.21753;0.19393;0.23502;0.22672;0.19677
0.28952;0.281;0.6364;0.22175;0.2225;0.19772;0.22232;0.23037;0.19606
0.28841;0.29303;0.66174;0.22828;0.22613;0.19728;0.23261;0.23577;0.19747
0.27827;0.29976;0.64387;0.22888;0.231;0.20281;0.22768;0.2282;0.19707
0.28822;0.28959;0.64464;0.23169;0.22714;0.19341;0.23186;0.22487;0.19679
0.28131;0.285;0.63556;0.23304;0.23328;0.20259;0.23144;0.23089;0.1971
0.2897;0.2941;0.64566;0.24678;0.22933;0.19474;0.22782;0.22982;0.19856
0.27989;0.28971;0.66565;0.22574;0.23428;0.19662;0.2379;0.2323;0.19353
0.28981;0.29885;0.63768;0.23312;0.2298;0.19441;0.23117;0.22823;0.20064
0.28661;0.2991;0.65005;0.23875;0.23274;0.19741;0.24069;0.22676;0.19704
0.28472;0.2801;0.63827;0.22498;0.22715;0.19684;0.23149;0.22652;0.19937
0.29773;0.28519;0.63812;0.23945;0.23127;0.19406;0.23866;0.21921;0.19895
0.29089;0.29361;0.6431;0.22118;0.23006;0.19772;0.23513;0.22388;0.19602
0.29602;0.30341;0.77798;0.23069;0.23737;0.1984;0.24151;0.23012;0.19631
0.29802;0.31135;0.64712;0.22413;0.22879;0.19321;0.22582;0.22961;0.20463
0.29255;0.28453;0.643;0.22884;0.23378;0.19923;0.24508;0.22133;0.19632
0.28908;0.29458;0.63689;0.23769;0.23104;0.19657;0.23839;0.23368;0.19669
0.28438;0.2915;0.64504;0.22755;0.23318;0.1997;0.23486;0.30618;0.27992
0.29884;0.30284;0.62645;0.23363;0.23173;0.19705;0.22705;0.22864;0.2017
0.28621;0.28064;0.65421;0.23276;0.22499;0.19634;0.24982;0.22822;0.19731
0.27982;0.31599;0.62548;0.22732;0.24455;0.1966;0.222;0.22821;0.20112
0.28525;0.2919;0.65779;0.22582;0.23202;0.19638;0.24309;0.23009;0.19653
0.28468;0.29155;0.64551;0.21997;0.23846;0.19624;0.22678;0.22113;0.19426
0.2907;0.2787;0.65699;0.22864;0.22602;0.19427;0.21756;0.22678;0.19426
0.29126;0.292;0.65117;0.23228;0.23131;0.19675;0.22974;0.23381;0.19881
0.30159;0.27657;0.64967;0.22909;0.22521;0.19513;0.22625;0.23376;0.19503
0.27906;0.30111;0.66127;0.22892;0.24022;0.20085;0.22495;0.22278;0.20118
0.30029;0.28501;0.65088;0.2303;0.22863;0.19897;0.23342;0.22934;0.19858
0.28581;0.29459;0.64733;0.23128;0.23019;0.19839;0.22259;0.22047;0.19785
0.28772;0.28959;0.63035;0.22974;0.2253;0.19595;0.23193;0.23398;0.20197
0.28609;0.28524;0.63662;0.23271;0.22083;0.2028;0.23375;0.22454;0.19734
0.2939;0.29748;0.64942;0.23571;0.23302;0.19708;0.23461;0.22734;0.2085
0.29282;0.29517;0.65494;0.23243;0.23033;0.19673;0.23932;0.22818;0.19682
0.28483;0.28968;0.66688;0.22604;0.23488;0.19557;0.22662;0.22431;0.19887
0.26718;0.28163;0.66531;0.22821;0.22796;0.19376;0.23547;0.22693;0.19572
0.29541;0.30129;0.6442;0.22759;0.22959;0.19937;0.23197;0.22999;0.19449
0.29682;0.28636;0.63579;0.22853;0.22643;0.1943;0.22853;0.23187;0.19898
0.28423;0.28394;0.64785;0.23883;0.23301;0.19617;0.23219;0.2331;0.19525
0.29157;0.28847;0.65611;0.23042;0.23736;0.19701;0.22728;0.24793;0.21065
0.35365;0.29471;0.6355;0.23999;0.24226;0.19388;0.23575;0.22508;0.195
0.29974;0.29225;0.65504;0.22925;0.2162;0.19641;0.22272;0.23732;0.19669
0.28895;0.27938;0.65328;0.2299;0.22759;0.19944;0.2307;0.22579;0.19734
0.29931;0.29685;0.64576;0.23217;0.23456;0.19899;0.23655;0.23672;0.20014
0.29566;0.28744;0.65611;0.23303;0.23573;0.19874;0.22243;0.23017;0.19719
0.30673;0.29357;0.64888;0.23705;0.233;0.19736;0.22871;0.23515;0.19685
0.29104;0.29677;0.64912;0.22385;0.22767;0.20141;0.23288;0.23373;0.19772
0.30128;0.28246;0.66219;0.23017;0.22663;0.19516;0.23427;0.22663;0.19573
0.29436;0.28583;0.66334;0.23211;0.23126;0.20212;0.22425;0.2381;0.19646
0.29172;0.28606;0.65474;0.24518;0.22916;0.19772;0.23465;0.22733;0.20329
0.28069;0.29487;0.6399;0.24157;0.23338;0.20065;0.22495;0.23484;0.19672
0.28405;0.29344;0.65577;0.24561;0.22945;0.19597;0.23997;0.23342;0.20145
0.2958;0.28141;0.65823;0.23873;0.2338;0.20016;0.22556;0.23524;0.19729
0.2932;0.28827;0.64471;0.25122;0.22587;0.19715;0.22282;0.2332;0.20153
0.27449;0.28385;0.64764;0.22819;0.2255;0.19577;0.24048;0.21838;0.19575
0.29192;0.2891;0.64834;0.23011;0.22752;0.19549;0.23382;0.23294;0.20445
0.28528;0.29597;0.65444;0.23077;0.22269;0.19647;0.24219;0.22552;0.19641
0.28394;0.28469;0.66333;0.23238;0.2276;0.19668;0.22325;0.22376;0.2002
0.30923;0.27589;0.66639;0.24152;0.22098;0.19712;0.23822;0.22229;0.19737
0.28623;0.30906;0.63533;0.23129;0.23735;0.19678;0.23101;0.21535;0.19662
0.28945;0.29158;0.64461;0.23545;0.22905;0.19686;0.23155;0.23765;0.19682
0.28822;0.27164;0.65622;0.23636;0.23276;0.19631;0.23245;0.22544;0.19713
0.28963;0.28664;0.66486;0.24496;0.23709;0.19439;0.23027;0.22882;0.19642
0.30263;0.29292;0.65546;0.22385;0.238;0.19672;0.22921;0.22669;0.19592
0.29191;0.28757;0.6532;0.23288;0.22757;0.19555;0.23545;0.23118;0.19473
0.29617;0.27637;0.64138;0.22778;0.23677;0.19918;0.2304;0.23074;0.2009
0.29842;0.28222;0.63527;0.23275;0.23199;0.19394;0.22795;0.23699;0.19753
0.29094;0.29332;0.65751;0.23638;0.22812;0.2025;0.23124;0.22899;0.19748
0.29414;0.28519;0.65992;0.23469;0.22906;0.19599;0.23388;0.23352;0.19676
0.28418;0.29185;0.65289;0.24073;0.2316;0.20147;0.23086;0.22699;0.19802
0.28568;0.28764;0.67824;0.23569;0.22648;0.19627;0.22667;0.24076;0.19524
0.27238;0.28143;0.65674;0.2343;0.24473;0.20127;0.22698;0.22545;0.19925
0.30063;0.29354;0.65738;0.2346;0.22313;0.19551;0.2328;0.22589;0.19715
0.29764;0.29092;0.6528;0.23529;0.23538;0.20103;0.23454;0.23118;0.19668
0.29558;0.28664;0.63199;0.24128;0.22779;0.19473;0.23465;0.23194;0.1968
0.28416;0.28707;0.65122;0.22668;0.21595;0.20201;0.22957;0.22741;0.19523
0.29009;0.29491;0.64731;0.245;0.22727;0.19624;0.23566;0.23285;0.20211
0.2823;0.29604;0.6517;0.23338;0.23017;0.19853;0.22477;0.23264;0.1938
0.2834;0.30278;0.6429;0.2389;0.21169;0.19362;0.22134;0.23292;0.20336
0.27488;0.2903;0.63545;0.21785;0.23041;0.19756;0.23793;0.23524;0.19623
0.27853;0.28199;0.65997;0.23239;0.23031;0.19634;0.22349;0.23567;0.20043
0.28526;0.28403;0.66199;0.22582;0.23158;0.19826;0.23538;0.22872;0.19582
0.293;0.28211;0.64944;0.23358;0.2369;0.19715;0.22733;0.23651;0.20302
0.28128;0.29909;0.65916;0.23311;0.23038;0.19573;0.23351;0.22074;0.19484
0.28992;0.30165;0.62139;0.23658;0.24261;0.19834;0.23502;0.23357;0.19893
0.28252;0.28639;0.65076;0.2248;0.22686;0.1955;0.22977;0.23076;0.19766
0.29805;0.29527;0.62946;0.23117;0.2334;0.19624;0.22599;0.22709;0.19641
0.29866;0.28013;0.6533;0.26746;0.27138;0.2354;0.2995;0.27759;0.22467
0.28553;0.28846;0.63688;0.24708;0.22263;0.19758;0.23138;0.24232;0.20046
0.29488;0.28502;0.65006;0.23199;0.22784;0.19756;0.23215;0.22952;0.1988
0.29624;0.30509;0.62741;0.23832;0.22843;0.19788;0.22783;0.22962;0.20241
0.29099;0.27957;0.65359;0.23299;0.22305;0.19726;0.2285;0.22234;0.19721
0.29391;0.28099;0.64071;0.22612;0.23003;0.19628;0.22741;0.23256;0.20019
0.29154;0.29905;0.65363;0.23033;0.22436;0.19626;0.2414;0.22486;0.19641
0.27664;0.293;0.64001;0.22696;0.23621;0.1973;0.22341;0.22897;0.19706
0.29806;0.28644;0.66615;0.23383;0.22369;0.19531;0.22964;0.23256;0.19802
0.29;0.29201;0.69824;0.28004;0.2269;0.19423;0.23151;0.22787;0.19553
0.28703;0.28159;0.72452;0.30358;0.29303;0.19643;0.23407;0.21318;0.19629
0.29533;0.29773;0.62757;0.23735;0.23391;0.19725;0.23144;0.23175;0.20327
0.29333;0.2892;0.65447;0.22469;0.24082;0.19554;0.2307;0.23211;0.19688
0.2902;0.29234;0.62907;0.23331;0.23936;0.19675;0.22878;0.23281;0.20042
0.28695;0.29029;0.65292;0.23211;0.22427;0.20347;0.23229;0.23066;0.19374
0.29157;0.28415;0.66366;0.22803;0.2365;0.19416;0.23546;0.22334;0.20298
0.29139;0.28324;0.65233;0.22694;0.2355;0.19772;0.23647;0.22813;0.19782
0.29206;0.29779;0.6629;0.23199;0.23104;0.19384;0.2286;0.22715;0.2032
0.28372;0.28778;0.68317;0.21946;0.23458;0.19596;0.2388;0.23453;0.19768
0.27967;0.29919;0.63341;0.23846;0.2287;0.19629;0.2413;0.23286;0.19838
0.29258;0.28946;0.67682;0.22357;0.23367;0.19626;0.2285;0.22293;0.19596
0.28648;0.30813;0.65208;0.23568;0.23425;0.19771;0.22273;0.24165;0.19661
0.28236;0.28634;0.65723;0.22425;0.21859;0.19717;0.24182;0.2163;0.19651
0.28483;0.28466;0.65477;0.22735;0.23101;0.19427;0.22657;0.24039;0.19992
0.29929;0.28543;0.65049;0.22745;0.23485;0.1961;0.24321;0.23569;0.19663
0.29822;0.29825;0.64925;0.24556;0.23293;0.19502;0.23372;0.23257;0.19774
0.2975;0.29134;0.67461;0.23447;0.22944;0.19633;0.23974;0.22891;0.19764
0.28241;0.297;0.6525;0.22958;0.2324;0.19518;0.23448;0.22364;0.20162
0.2983;0.29006;0.65218;0.23242;0.23225;0.19699;0.2357;0.23303;0.19748
0.29543;0.28903;0.64698;0.21814;0.23398;0.19561;0.22688;0.22547;0.19427
0.27698;0.28712;0.6504;0.23269;0.23464;0.19616;0.23578;0.23681;0.19895
0.29479;0.29345;0.64998;0.22115;0.23503;0.1978;0.23203;0.23116;0.19881
0.29873;0.2857;0.67025;0.22204;0.22747;0.19705;0.22582;0.23999;0.198
0.28468;0.29643;0.67243;0.23477;0.23591;0.19659;0.24538;0.22254;0.19621
0.30532;0.28399;0.65165;0.23345;0.23133;0.19676;0.24586;0.23006;0.19692
0.2943;0.287;0.64209;0.23003;0.24197;0.19605;0.23073;0.22267;0.19939
0.297;0.28807;0.65863;0.22266;0.22217;0.20003;0.23436;0.24758;0.19771
0.29619;0.2901;0.65174;0.22723;0.23357;0.20188;0.22412;0.22614;0.19662
0.30752;0.29161;0.66406;0.23522;0.22137;0.19577;0.23788;0.21743;0.1966
0.28729;0.28746;0.65513;0.22877;0.23063;0.20075;0.23644;0.22633;0.19712
0.28892;0.29226;0.66202;0.22557;0.22763;0.19606;0.2279;0.23412;0.19661
0.29287;0.28353;0.63779;0.23392;0.22455;0.19885;0.23209;0.22586;0.19427
0.29925;0.29418;0.65438;0.24062;0.23426;0.19797;0.23747;0.22715;0.19882
0.29997;0.28872;0.6423;0.2357;0.22781;0.20105;0.22879;0.23719;0.19745
0.30354;0.29046;0.65275;0.23574;0.22044;0.19473;0.22427;0.23238;0.1964
0.28676;0.26906;0.64557;0.22876;0.22701;0.19912;0.23466;0.22204;0.24706
0.28236;0.29867;0.6619;0.23997;0.22604;0.19608;0.22502;0.22774;0.20141
0.30791;0.29617;0.6585;0.23245;0.21835;0.202;0.23365;0.22335;0.19465
0.3065;0.29841;0.65972;0.23073;0.22932;0.19665;0.23347;0.22727;0.19567
0.28402;0.28247;0.66073;0.23306;0.23356;0.19993;0.22406;0.23434;0.1989
0.28643;0.28665;0.67124;0.23713;0.23352;0.1958;0.2379;0.22559;0.19428
0.28597;0.29289;0.65885;0.23307;0.2348;0.2004;0.22725;0.22118;0.19896
0.27837;0.29147;0.6403;0.23895;0.22917;0.19785;0.22563;0.23026;0.20134
0.30219;0.28393;0.65682;0.22544;0.23741;0.20003;0.22641;0.23766;0.1968
0.28532;0.29058;0.64161;0.23317;0.22643;0.19603;0.23056;0.22489;0.20048
0.28417;0.2956;0.64784;0.22743;0.23084;0.19592;0.23771;0.23291;0.19753
0.29509;0.30466;0.6403;0.23505;0.22628;0.1953;0.22683;0.23075;0.20056
0.29477;0.28103;0.63914;0.21627;0.2246;0.19511;0.23795;0.22861;0.19541
0.28849;0.28547;0.64961;0.22812;0.24232;0.19681;0.24033;0.22935;0.20229
0.2862;0.29743;0.67708;0.22978;0.22769;0.1971;0.23182;0.22384;0.19665
0.29;0.29222;0.65295;0.22904;0.23111;0.19481;0.23081;0.23186;0.19585
0.29709;0.28596;0.66951;0.23431;0.22638;0.197;0.23653;0.23403;0.19712
0.28781;0.29854;0.66824;0.23663;0.23273;0.19751;0.23582;0.23143;0.20223
0.27626;0.28451;0.66064;0.22628;0.22776;0.19716;0.23762;0.22967;0.19817
0.28652;0.29178;0.65344;0.22444;0.23354;0.19609;0.23369;0.23121;0.19465
0.28813;0.28845;0.64474;0.23678;0.23582;0.19809;0.2416;0.23024;0.19777
0.29329;0.2966;0.65787;0.23874;0.22932;0.19639;0.22036;0.2259;0.19585
0.29159;0.29398;0.66747;0.23234;0.22415;0.19523;0.224;0.23503;0.19474
0.28406;0.28604;0.65878;0.21986;0.23267;0.19705;0.23616;0.22079;0.19717
0.29503;0.28503;0.64779;0.22723;0.22721;0.19377;0.22917;0.23079;0.19748
0.28751;0.28799;0.65105;0.23329;0.23194;0.20115;0.22771;0.21333;0.19812
0.2807;0.29042;0.64658;0.2299;0.22685;0.19703;0.2336;0.24141;0.19586
0.28637;0.28777;0.64938;0.23272;0.2334;0.20155;0.23053;0.22577;0.19694
0.3009;0.28363;0.65109;0.23377;0.23353;0.19827;0.21774;0.23387;0.19619
0.28476;0.28117;0.67577;0.23654;0.23471;0.20274;0.22429;0.23691;0.19737
0.28661;0.2946;0.63499;0.23508;0.23232;0.19702;0.231;0.23944;0.19975
0.28868;0.29597;0.65825;0.22743;0.21959;0.2007;0.23133;0.22833;0.19614
0.29612;0.28242;0.64439;0.23606;0.22763;0.19772;0.23367;0.221;0.20073
0.28746;0.28903;0.65622;0.23201;0.22269;0.2014;0.23088;0.2326;0.27949
0.30016;0.29563;0.66071;0.23656;0.21961;0.19668;0.23638;0.24062;0.19695
0.28165;0.30553;0.64025;0.22649;0.22046;0.20317;0.23913;0.22288;0.19801
0.30153;0.28658;0.73512;0.32144;0.23187;0.19672;0.23434;0.22838;0.21044
0.30562;0.2849;0.64204;0.23328;0.23881;0.19521;0.22253;0.2317;0.19446
0.29023;0.29686;0.6461;0.22782;0.22792;0.19789;0.22431;0.23313;0.1996
0.2894;0.28066;0.6554;0.24186;0.22132;0.2107;0.23219;0.22565;0.19713
0.29327;0.28263;0.64416;0.25152;0.23277;0.19656;0.22966;0.22655;0.19745
0.28015;0.28157;0.66765;0.22589;0.23145;0.1999;0.23074;0.23109;0.19615
0.30216;0.28534;0.64957;0.2339;0.22926;0.19578;0.23243;0.22699;0.19755
0.28075;0.28325;0.64202;0.22322;0.22882;0.20092;0.22931;0.22185;0.19709
0.29313;0.31042;0.64049;0.22796;0.2276;0.19489;0.22722;0.22361;0.1995
0.27943;0.27871;0.64755;0.22262;0.21541;0.19591;0.2325;0.22338;0.19554
0.2891;0.29787;0.63192;0.22697;0.22793;0.19607;0.22905;0.23324;0.19866
0.29134;0.29152;0.66777;0.22793;0.23049;0.19629;0.24211;0.23244;0.19649
0.28382;0.29075;0.64769;0.23166;0.22494;0.19627;0.22957;0.22749;0.1957
0.29779;0.27477;0.63042;0.23313;0.22653;0.19691;0.22174;0.24007;0.19666
0.28753;0.27632;0.63538;0.23286;0.23157;0.19649;0.23465;0.21994;0.20051
0.30095;0.29103;0.64028;0.24011;0.23555;0.19666;0.22443;0.23927;0.1971
0.29256;0.36721;0.82992;0.3183;0.23929;0.1995;0.22361;0.23582;0.20919
0.29404;0.29536;0.69671;0.23544;0.23466;0.20696;0.25277;0.23501;0.20104
0.29675;0.31151;0.64126;0.23789;0.26183;0.3577;0.24258;0.22618;0.19895
0.33846;0.3195;0.70584;0.32584;0.33412;0.20356;0.23385;0.23443;0.2096
0.30379;0.31566;0.755;0.2265;0.23119;0.20517;0.22698;0.2284;0.20093
0.31102;0.34583;0.67139;0.25215;0.23728;0.20482;0.24038;0.24245;0.20307
0.30271;0.28999;0.71415;0.23675;0.23254;0.19681;0.22838;0.23605;0.1995
0.33972;0.31814;0.7125;0.22954;0.25981;0.19652;0.27474;0.23282;0.21955
0.30732;0.31114;0.70541;0.27537;0.2384;0.20211;0.23818;0.25047;0.24132
0.30947;0.30492;0.74102;0.2344;0.28349;0.20306;0.23139;0.24072;0.2336
0.28183;0.28496;0.69813;0.22792;0.2239;0.1994;0.23855;0.23222;0.20134
0.29181;0.29603;0.66421;0.23607;0.25589;0.20116;0.24008;0.23407;0.26489
0.30293;0.30113;0.70337;0.22529;0.24262;0.20302;0.2366;0.24941;0.20794
0.35682;0.2918;0.69535;0.24156;0.22263;0.20244;0.25304;0.26235;0.22242
0.30978;0.29165;0.65885;0.23153;0.2307;0.19718;0.22945;0.23704;0.19705
0.29033;0.2791;0.66479;0.22329;0.2246;0.19474;0.23073;0.22783;0.19348
0.2938;0.27945;0.65136;0.22384;0.22268;0.20049;0.2321;0.226;0.19765
0.30063;0.28991;0.68372;0.22685;0.23168;0.19575;0.22907;0.23788;0.19695
0.28884;0.28139;0.66541;0.2335;0.22483;0.2007;0.23965;0.2234;0.19729
0.28983;0.29142;0.66188;0.22745;0.2392;0.19673;0.23163;0.24616;0.19577
0.28903;0.27764;0.67241;0.2293;0.22901;0.20144;0.23592;0.23663;0.19415
0.29255;0.29521;0.65293;0.23984;0.21924;0.19467;0.23532;0.23493;0.19862
0.27771;0.29113;0.66554;0.23054;0.21248;0.20742;0.22418;0.21994;0.19546
0.29039;0.28802;0.66578;0.23607;0.2305;0.19606;0.22862;0.23935;0.19501
0.29061;0.29144;0.67343;0.22548;0.22915;0.20091;0.23692;0.23193;0.19766
0.28772;0.2937;0.67585;0.22757;0.22152;0.19446;0.22896;0.22698;0.19477
0.28334;0.28237;0.67325;0.23148;0.22638;0.19829;0.2282;0.2304;0.19668
0.28608;0.30081;0.73504;0.34028;0.2699;0.22721;0.29277;0.235;0.19632
0.28467;0.29767;0.66772;0.22634;0.22686;0.19497;0.2638;0.26299;0.23676
0.35272;0.33089;0.76509;0.22708;0.21772;0.20239;0.22813;0.23494;0.19564
0.29986;0.29097;0.66577;0.23592;0.22643;0.19509;0.23153;0.23917;0.19568
0.28372;0.27497;0.69147;0.21324;0.22535;0.19947;0.22977;0.22398;0.19773
0.28287;0.28608;0.6747;0.23597;0.23288;0.19675;0.22382;0.23286;0.19866
0.29085;0.29305;0.6881;0.22778;0.21376;0.19924;0.23738;0.23183;0.19473
0.30581;0.2912;0.64413;0.22619;0.24351;0.19493;0.23921;0.22972;0.1976
0.28533;0.29111;0.64928;0.23585;0.23222;0.20175;0.23343;0.23235;0.19823
0.27849;0.29805;0.66258;0.23466;0.22787;0.19645;0.21702;0.22975;0.20385
0.28229;0.284;0.65942;0.23407;0.22493;0.19517;0.22872;0.22961;0.19541
0.28741;0.29772;0.67179;0.23666;0.22521;0.19576;0.24192;0.22205;0.20003
0.2857;0.29155;0.68922;0.22786;0.23112;0.19743;0.25059;0.2237;0.19983
0.29039;0.28981;0.66034;0.24015;0.22229;0.1976;0.23904;0.21821;0.1996
0.29835;0.28841;0.65913;0.22554;0.23161;0.19711;0.23946;0.22623;0.19698
0.28184;0.30844;0.67364;0.22435;0.22021;0.19379;0.21598;0.22797;0.20166
0.28356;0.27762;0.69392;0.22638;0.22895;0.19686;0.23863;0.23338;0.19494
0.28565;0.28942;0.63633;0.22813;0.2323;0.19468;0.22707;0.22942;0.20208
0.27396;0.28458;0.6762;0.23304;0.22285;0.19547;0.23161;0.22935;0.19462
0.27681;0.29016;0.65855;0.22591;0.22947;0.19431;0.23221;0.23299;0.19502
0.27667;0.28183;0.67503;0.22741;0.2285;0.19443;0.24399;0.23374;0.19918
0.2893;0.27314;0.6715;0.24216;0.22701;0.19663;0.22629;0.22842;0.19739
0.29616;0.29289;0.68193;0.23675;0.23586;0.19808;0.23831;0.225;0.19763
0.28631;0.30068;0.67665;0.23001;0.23091;0.19394;0.23111;0.21829;0.19641
0.28403;0.29009;0.66312;0.24115;0.23299;0.19646;0.24345;0.23513;0.19884
0.2795;0.28574;0.66706;0.22892;0.2307;0.19565;0.21446;0.2372;0.19783
0.2924;0.27429;0.68482;0.22512;0.2191;0.19546;0.22777;0.22871;0.19715
0.27886;0.29516;0.6668;0.21956;0.23731;0.19546;0.23234;0.21993;0.19582
0.29139;0.28013;0.70299;0.22136;0.23061;0.19623;0.22718;0.24819;0.19875
0.28045;0.30594;0.76577;0.286;0.28341;0.23339;0.27476;0.25055;0.20762
0.2884;0.28402;0.70733;0.23025;0.23473;0.20584;0.23367;0.22376;0.19671
0.27523;0.2855;0.69129;0.24178;0.22878;0.19628;0.22672;0.22392;0.2023
0.29474;0.2899;0.66805;0.22327;0.23286;0.19774;0.22723;0.21513;0.19852
0.29141;0.3026;0.67086;0.23455;0.23449;0.19647;0.22979;0.23347;0.20034
0.29232;0.28599;0.68148;0.23281;0.22629;0.19864;0.23614;0.23657;0.19887
0.28159;0.32583;0.64462;0.22589;0.22554;0.19663;0.2242;0.237;0.20172
0.2896;0.28012;0.67708;0.23044;0.22162;0.19731;0.24495;0.22479;0.19655
0.30142;0.29338;0.64974;0.24733;0.23187;0.19567;0.23111;0.21783;0.20212
0.28959;0.28812;0.68785;0.22048;0.2339;0.19709;0.23774;0.22642;0.19844
0.28139;0.30082;0.67498;0.23374;0.22916;0.19588;0.22665;0.23682;0.20115
0.29447;0.28126;0.6875;0.23892;0.23426;0.19746;0.24448;0.23583;0.19666
0.2858;0.31966;0.66099;0.22564;0.23762;0.1964;0.24318;0.22611;0.20153
0.29697;0.28596;0.7501;0.26304;0.23335;0.23717;0.23948;0.255;0.21224
0.30011;0.2961;0.73957;0.23724;0.23164;0.19584;0.23975;0.23213;0.19578
0.28724;0.3056;0.65896;0.22843;0.23283;0.19823;0.22799;0.2342;0.19618
0.30896;0.30526;0.68637;0.23038;0.22379;0.19781;0.23898;0.23508;0.19855
0.28726;0.30036;0.68509;0.23062;0.23353;0.19712;0.22641;0.22493;0.1975
0.29411;0.28039;0.67161;0.23257;0.22924;0.19486;0.23859;0.23038;0.19581
0.28351;0.28712;0.66164;0.22356;0.23796;0.19803;0.22744;0.22523;0.19445
0.30451;0.27955;0.69778;0.22795;0.22814;0.19672;0.24186;0.23368;0.19669
0.29595;0.28926;0.65568;0.23674;0.23499;0.1986;0.23298;0.22934;0.19632
0.27869;0.29934;0.68788;0.22865;0.22711;0.19853;0.22557;0.22301;0.19733
0.28865;0.28711;0.78265;0.23636;0.25224;0.19859;0.2343;0.23142;0.2026
0.29759;0.28319;0.68894;0.22834;0.22402;0.19456;0.24024;0.23354;0.19566
0.29427;0.29271;0.67141;0.22626;0.23253;0.19696;0.22413;0.22311;0.20202
0.29168;0.28515;0.67128;0.22738;0.21727;0.19782;0.24065;0.22136;0.19678
0.29262;0.29438;0.66458;0.22632;0.23427;0.19697;0.23177;0.23469;0.19764
0.29713;0.3013;0.68176;0.23481;0.23546;0.19693;0.25157;0.2288;0.20005
0.29327;0.28543;0.67346;0.22856;0.24531;0.20314;0.22601;0.22842;0.19788
0.29372;0.3047;0.69183;0.23136;0.22976;0.19892;0.24034;0.22589;0.19568
0.30227;0.28672;0.67289;0.22729;0.22805;0.19766;0.21836;0.23035;0.20494
0.29695;0.30043;0.68093;0.24007;0.23114;0.19695;0.23369;0.22378;0.19807
0.30376;0.29013;0.66867;0.23025;0.22704;0.19725;0.23249;0.22596;0.20647
0.28858;0.2953;0.69357;0.23875;0.23197;0.19729;0.23869;0.22767;0.19813
0.28871;0.2948;0.67628;0.22742;0.23569;0.19492;0.2274;0.22838;0.20329
0.28738;0.30638;0.67683;0.22991;0.23031;0.19465;0.23795;0.23254;0.19781
0.29595;0.2929;0.67253;0.24229;0.2255;0.19397;0.22767;0.22119;0.20473
0.27897;0.29774;0.67283;0.22362;0.23572;0.19511;0.23069;0.23719;0.19706
0.29509;0.29784;0.67176;0.23223;0.24559;0.1986;0.23381;0.22753;0.20248
0.29673;0.28255;0.6832;0.23333;0.2265;0.19734;0.23692;0.23034;0.19751
