Field characteristic;A;d;Edwards Curve Order;Montgomery Curve Order;P_x;P_y
1019;0;1018;1022;1020;1018;241
1031;0;1030;1034;1032;1;473
1039;0;1038;1042;1040;1;409
1051;0;1050;1054;1052;1050;401
1063;0;1062;1066;1064;1;122
1087;0;1086;1090;1088;1;33
1091;0;1090;1094;1092;1090;33
1103;0;1102;1106;1104;1;322
1123;0;1122;1126;1124;1122;253
1151;0;1150;1154;1152;1;48
1163;0;1162;1166;1164;1162;552
1171;0;1170;1174;1172;1170;893
1187;0;1186;1190;1188;1186;504
1223;0;1222;1226;1224;1;35
1231;0;1230;1234;1232;1;331
1259;0;1258;1262;1260;1258;856
1279;0;1278;1282;1280;1;1050
1283;0;1282;1286;1284;1282;168
1291;0;1290;1294;1292;1290;88
1303;0;1302;1306;1304;1;752
1307;0;1306;1310;1308;1306;921
1319;0;1318;1322;1320;1;784
1327;0;1326;1330;1328;1;1072
1367;0;1366;1370;1368;1;1330
1399;0;1398;1402;1400;1;650
1423;0;1422;1426;1424;1;401
1427;0;1426;1430;1428;1426;217
1439;0;1438;1442;1440;1;912
1447;0;1446;1450;1448;1;258
1451;0;1450;1454;1452;1450;536
1459;0;1458;1462;1460;1458;1405
1471;0;1470;1474;1472;1;1169
1483;0;1482;1486;1484;1482;604
1487;0;1486;1490;1488;1;1328
1499;0;1498;1502;1500;1498;716
1511;0;1510;1514;1512;1;352
1523;0;1522;1526;1524;1522;1484
1531;0;1530;1534;1532;1530;1365
1543;0;1542;1546;1544;1;937
1559;0;1558;1562;1560;1;1058
1567;0;1566;1570;1568;1;56
1571;0;1570;1574;1572;1570;1249
1579;0;1578;1582;1580;1578;292
1583;0;1582;1586;1584;1;232
1607;0;1606;1610;1608;1;1457
1619;0;1618;1622;1620;1618;457
1627;0;1626;1630;1628;1626;121
1663;0;1662;1666;1664;1;568
1667;0;1666;1670;1668;1666;100
1699;0;1698;1702;1700;1698;580
1723;0;1722;1726;1724;1722;1068
1747;0;1746;1750;1748;1746;517
1759;0;1758;1762;1760;1;824
1783;0;1782;1786;1784;1;1625
1787;0;1786;1790;1788;1786;465
1811;0;1810;1814;1812;1810;1428
1823;0;1822;1826;1824;1;968
1831;0;1830;1834;1832;1;1235
1847;0;1846;1850;1848;1;43
1867;0;1866;1870;1868;1866;608
1871;0;1870;1874;1872;1;1155
1879;0;1878;1882;1880;1;1585
1907;0;1906;1910;1908;1906;1776
1931;0;1930;1934;1932;1930;1308
1951;0;1950;1954;1952;1;1434
1979;0;1978;1982;1980;1978;1028
1987;0;1986;1990;1988;1986;516
1999;0;1998;2002;2000;1;562
2003;0;2002;2006;2004;2002;1551
2011;0;2010;2014;2012;2010;1122
2027;0;2026;2030;2028;2026;1982
2039;0;2038;2042;2040;1;701
2063;0;2062;2066;2064;1;631
2083;0;2082;2086;2084;2082;1081
2087;0;2086;2090;2088;1;552
2099;0;2098;2102;2100;2098;1237
2111;0;2110;2114;2112;1;898
2131;0;2130;2134;2132;2130;1560
2143;0;2142;2146;2144;1;819
2179;0;2178;2182;2180;2178;2113
2203;0;2202;2206;2204;2202;1335
2207;0;2206;2210;2208;1;47
2239;0;2238;2242;2240;1;503
2243;0;2242;2246;2244;2242;2127
2251;0;2250;2254;2252;2250;1824
2267;0;2266;2270;2268;2266;2065
2287;0;2286;2290;2288;1;471
2311;0;2310;2314;2312;1;68
2339;0;2338;2342;2340;2338;2057
2347;0;2346;2350;2348;2346;1991
2351;0;2350;2354;2352;1;480
2371;0;2370;2374;2372;2370;1312
2383;0;2382;2386;2384;1;778
2399;0;2398;2402;2400;1;49
2411;0;2410;2414;2412;2410;1248
2423;0;2422;2426;2424;1;740
2447;0;2446;2450;2448;1;579
2459;0;2458;2462;2460;2458;1616
2467;0;2466;2470;2468;2466;2318
2503;0;2502;2506;2504;1;1080
2531;0;2530;2534;2532;2530;2242
2539;0;2538;2542;2540;2538;2001
2543;0;2542;2546;2544;1;353
2551;0;2550;2554;2552;1;500
2579;0;2578;2582;2580;2578;1456
2591;0;2590;2594;2592;1;72
2647;0;2646;2650;2648;1;300
2659;0;2658;2662;2660;2658;1415
2663;0;2662;2666;2664;1;350
2671;0;2670;2674;2672;1;468
2683;0;2682;2686;2684;2682;1688
2687;0;2686;2690;2688;1;831
2699;0;2698;2702;2700;2698;1535
2707;0;2706;2710;2708;2706;1886
2711;0;2710;2714;2712;1;767
2719;0;2718;2722;2720;1;215
2731;0;2730;2734;2732;2730;2603
2767;0;2766;2770;2768;1;510
2791;0;2790;2794;2792;1;948
2803;0;2802;2806;2804;2802;2464
2819;0;2818;2822;2820;2818;2514
2843;0;2842;2846;2844;2842;2063
2851;0;2850;2854;2852;2850;2094
2879;0;2878;2882;2880;1;985
2887;0;2886;2890;2888;1;76
2903;0;2902;2906;2904;1;345
2927;0;2926;2930;2928;1;426
2939;0;2938;2942;2940;2938;2709
2963;0;2962;2966;2964;2962;2563
2971;0;2970;2974;2972;2970;2635
2999;0;2998;3002;3000;1;786
3011;0;3010;3014;3012;3010;1553
3019;0;3018;3022;3020;3018;2288
3023;0;3022;3026;3024;1;55
3067;0;3066;3070;3068;3066;2438
3079;0;3078;3082;3080;1;847
3083;0;3082;3086;3084;3082;2947
3119;0;3118;3122;3120;1;702
3163;0;3162;3166;3164;3162;2595
3167;0;3166;3170;3168;1;829
3187;0;3186;3190;3188;3186;2839
3191;0;3190;3194;3192;1;1037
3203;0;3202;3206;3204;3202;2873
3251;0;3250;3254;3252;3250;3194
3259;0;3258;3262;3260;3258;2828
3271;0;3270;3274;3272;1;214
3299;0;3298;3302;3300;3298;1968
3307;0;3306;3310;3308;3306;2693
3319;0;3318;3322;3320;1;731
3323;0;3322;3326;3324;3322;2801
3331;0;3330;3334;3332;3330;1964
3343;0;3342;3346;3344;1;1595
3347;0;3346;3350;3348;3346;2877
3359;0;3358;3362;3360;1;1040
3371;0;3370;3374;3372;3370;2220
3391;0;3390;3394;3392;1;1400
3407;0;3406;3410;3408;1;1541
3463;0;3462;3466;3464;1;1174
3467;0;3466;3470;3468;3466;2437
3491;0;3490;3494;3492;3490;1899
3499;0;3498;3502;3500;3498;2313
3511;0;3510;3514;3512;1;559
3527;0;3526;3530;3528;1;84
3539;0;3538;3542;3540;3538;1821
3547;0;3546;3550;3548;3546;2686
3559;0;3558;3562;3560;1;1575
3571;0;3570;3574;3572;3570;2015
3583;0;3582;3586;3584;1;1059
3607;0;3606;3610;3608;1;862
3623;0;3622;3626;3624;1;1544
3631;0;3630;3634;3632;1;1671
3643;0;3642;3646;3644;3642;2840
3659;0;3658;3662;3660;3658;2225
3671;0;3670;3674;3672;1;722
3691;0;3690;3694;3692;3690;3342
3719;0;3718;3722;3720;1;61
3727;0;3726;3730;3728;1;1361
3739;0;3738;3742;3740;3738;2513
3767;0;3766;3770;3768;1;393
3779;0;3778;3782;3780;3778;2109
3803;0;3802;3806;3804;3802;3618
3823;0;3822;3826;3824;1;1651
3847;0;3846;3850;3848;1;787
3851;0;3850;3854;3852;3850;3699
3863;0;3862;3866;3864;1;1317
3907;0;3906;3910;3908;3906;2416
3911;0;3910;3914;3912;1;234
3919;0;3918;3922;3920;1;1555
3923;0;3922;3926;3924;3922;2098
3931;0;3930;3934;3932;3930;3665
3943;0;3942;3946;3944;1;1629
3947;0;3946;3950;3948;3946;2545
3967;0;3966;3970;3968;1;63
4003;0;4002;4006;4004;4002;3489
4007;0;4006;4010;4008;1;261
4019;0;4018;4022;4020;4018;2424
4027;0;4026;4030;4028;4026;2808
4051;0;4050;4054;4052;4050;3961
4079;0;4078;4082;4080;1;1955
4091;0;4090;4094;4092;4090;3791
4099;0;4098;4102;4100;4098;2915
4111;0;4110;4114;4112;1;1877
4127;0;4126;4130;4128;1;1778
4139;0;4138;4142;4140;4138;3946
4159;0;4158;4162;4160;1;1581
4211;0;4210;4214;4212;4210;2674
4219;0;4218;4222;4220;4218;3563
4231;0;4230;4234;4232;1;92
4243;0;4242;4246;4244;4242;2807
4259;0;4258;4262;4260;4258;2186
4271;0;4270;4274;4272;1;1111
4283;0;4282;4286;4284;4282;3694
4327;0;4326;4330;4328;1;969
4339;0;4338;4342;4340;4338;3568
4363;0;4362;4366;4364;4362;3327
4391;0;4390;4394;4392;1;1245
4423;0;4422;4426;4424;1;1026
4447;0;4446;4450;4448;1;427
4451;0;4450;4454;4452;4450;3909
4463;0;4462;4466;4464;1;1571
4483;0;4482;4486;4484;4482;4319
4507;0;4506;4510;4508;4506;3027
4519;0;4518;4522;4520;1;1637
4523;0;4522;4526;4524;4522;2482
4547;0;4546;4550;4548;4546;2671
4567;0;4566;4570;4568;1;791
4583;0;4582;4586;4584;1;1814
4591;0;4590;4594;4592;1;1229
4603;0;4602;4606;4604;4602;2414
4639;0;4638;4642;4640;1;1948
4643;0;4642;4646;4644;4642;2470
4651;0;4650;4654;4652;4650;3610
4663;0;4662;4666;4664;1;676
4679;0;4678;4682;4680;1;2249
4691;0;4690;4694;4692;4690;3947
4703;0;4702;4706;4704;1;729
4723;0;4722;4726;4724;4722;2421
4751;0;4750;4754;4752;1;1952
4759;0;4758;4762;4760;1;69
4783;0;4782;4786;4784;1;2300
4787;0;4786;4790;4788;4786;3339
4799;0;4798;4802;4800;1;879
4831;0;4830;4834;4832;1;2222
4871;0;4870;4874;4872;1;632
4903;0;4902;4906;4904;1;262
4919;0;4918;4922;4920;1;1082
4931;0;4930;4934;4932;4930;4759
4943;0;4942;4946;4944;1;696
4951;0;4950;4954;4952;1;693
4967;0;4966;4970;4968;1;478
4987;0;4986;4990;4988;4986;4233
4999;0;4998;5002;5000;1;100
5003;0;5002;5006;5004;5002;1813
5011;0;5010;5014;5012;5010;1781
5023;0;5022;5026;5024;1;1698
5039;0;5038;5042;5040;1;4968
5051;0;5050;5054;5052;5050;3465
5059;0;5058;5062;5060;5058;3349
5087;0;5086;5090;5088;1;1394
5099;0;5098;5102;5100;5098;3917
5107;0;5106;5110;5108;5106;2672
5119;0;5118;5122;5120;1;4824
5147;0;5146;5150;5148;5146;4381
5167;0;5166;5170;5168;1;4601
5171;0;5170;5174;5172;5170;4172
5179;0;5178;5182;5180;5178;765
5227;0;5226;5230;5228;5226;1025
5231;0;5230;5234;5232;1;1505
5279;0;5278;5282;5280;1;2097
5303;0;5302;5306;5304;1;4616
5323;0;5322;5326;5324;5322;1461
5347;0;5346;5350;5348;5346;3589
5351;0;5350;5354;5352;1;625
5387;0;5386;5390;5388;5386;4072
5399;0;5398;5402;5400;1;3634
5407;0;5406;5410;5408;1;104
5419;0;5418;5422;5420;5418;2048
5431;0;5430;5434;5432;1;2618
5443;0;5442;5446;5444;5442;557
5471;0;5470;5474;5472;1;1722
5479;0;5478;5482;5480;1;2562
5483;0;5482;5486;5484;5482;2305
5503;0;5502;5506;5504;1;475
5507;0;5506;5510;5508;5506;4336
5519;0;5518;5522;5520;1;1747
5527;0;5526;5530;5528;1;3169
5531;0;5530;5534;5532;5530;2257
5563;0;5562;5566;5564;5562;873
5591;0;5590;5594;5592;1;5155
5623;0;5622;5626;5624;1;75
5639;0;5638;5642;5640;1;680
5647;0;5646;5650;5648;1;4739
5651;0;5650;5654;5652;5650;4484
5659;0;5658;5662;5660;5658;3260
5683;0;5682;5686;5684;5682;4633
5711;0;5710;5714;5712;1;529
5743;0;5742;5746;5744;1;4000
5779;0;5778;5782;5780;5778;2692
5783;0;5782;5786;5784;1;3320
5791;0;5790;5794;5792;1;1539
5807;0;5806;5810;5808;1;4624
5827;0;5826;5830;5828;5826;229
5839;0;5838;5842;5840;1;1225
5843;0;5842;5846;5844;5842;772
5851;0;5850;5854;5852;5850;3752
5867;0;5866;5870;5868;5866;2660
5879;0;5878;5882;5880;1;3512
5903;0;5902;5906;5904;1;448
5923;0;5922;5926;5924;5922;2253
5927;0;5926;5930;5928;1;5850
5939;0;5938;5942;5940;5938;5180
5987;0;5986;5990;5988;5986;3885
6007;0;6006;6010;6008;1;290
6011;0;6010;6014;6012;6010;5052
6043;0;6042;6046;6044;6042;5213
6047;0;6046;6050;6048;1;4427
6067;0;6066;6070;6068;6066;3421
6079;0;6078;6082;6080;1;3386
6091;0;6090;6094;6092;6090;1345
6131;0;6130;6134;6132;6130;669
6143;0;6142;6146;6144;1;3499
6151;0;6150;6154;6152;1;5602
6163;0;6162;6166;6164;6162;2780
6199;0;6198;6202;6200;1;5665
6203;0;6202;6206;6204;6202;1820
6211;0;6210;6214;6212;6210;5616
6247;0;6246;6250;6248;1;1227
6263;0;6262;6266;6264;1;4138
6271;0;6270;6274;6272;1;112
6287;0;6286;6290;6288;1;1192
6299;0;6298;6302;6300;6298;2345
6311;0;6310;6314;6312;1;3346
6323;0;6322;6326;6324;6322;5677
6343;0;6342;6346;6344;1;298
6359;0;6358;6362;6360;1;3074
6367;0;6366;6370;6368;1;329
6379;0;6378;6382;6380;6378;3397
6427;0;6426;6430;6428;6426;4410
6451;0;6450;6454;6452;6450;4873
6491;0;6490;6494;6492;6490;4013
6547;0;6546;6550;6548;6546;5628
6551;0;6550;6554;6552;1;2526
6563;0;6562;6566;6564;6562;6482
6571;0;6570;6574;6572;6570;5153
6599;0;6598;6602;6600;1;1596
6607;0;6606;6610;6608;1;2392
6619;0;6618;6622;6620;6618;3600
6659;0;6658;6662;6660;6658;4768
6679;0;6678;6682;6680;1;2879
6691;0;6690;6694;6692;6690;4912
6703;0;6702;6706;6704;1;2658
6719;0;6718;6722;6720;1;2201
6763;0;6762;6766;6764;6762;3990
6779;0;6778;6782;6780;6778;6532
6791;0;6790;6794;6792;1;982
6803;0;6802;6806;6804;6802;4955
6823;0;6822;6826;6824;1;2025
6827;0;6826;6830;6828;6826;5156
6863;0;6862;6866;6864;1;2391
6871;0;6870;6874;6872;1;2318
6883;0;6882;6886;6884;6882;6209
6899;0;6898;6902;6900;6898;4770
6907;0;6906;6910;6908;6906;4577
6911;0;6910;6914;6912;1;806
6947;0;6946;6950;6948;6946;6461
6959;0;6958;6962;6960;1;2582
6967;0;6966;6970;6968;1;1198
6971;0;6970;6974;6972;6970;4608
6983;0;6982;6986;6984;1;2547
6991;0;6990;6994;6992;1;3295
7019;0;7018;7022;7020;7018;5228
7027;0;7026;7030;7028;7026;6411
7039;0;7038;7042;7040;1;1345
7043;0;7042;7046;7044;7042;5491
7079;0;7078;7082;7080;1;1298
7103;0;7102;7106;7104;1;3440
7127;0;7126;7130;7128;1;1006
7151;0;7150;7154;7152;1;2026
7159;0;7158;7162;7160;1;3118
7187;0;7186;7190;7188;7186;6700
7207;0;7206;7210;7208;1;2374
7211;0;7210;7214;7212;7210;7003
7219;0;7218;7222;7220;7218;4373
7243;0;7242;7246;7244;7242;4857
7247;0;7246;7250;7248;1;351
7283;0;7282;7286;7284;7282;5754
7307;0;7306;7310;7308;7306;4286
7331;0;7330;7334;7332;7330;5005
7351;0;7350;7354;7352;1;1263
7411;0;7410;7414;7412;7410;5521
7451;0;7450;7454;7452;7450;5008
7459;0;7458;7462;7460;7458;6019
7487;0;7486;7490;7488;1;1929
7499;0;7498;7502;7500;7498;4457
7507;0;7506;7510;7508;7506;4320
7523;0;7522;7526;7524;7522;4193
7547;0;7546;7550;7548;7546;4628
7559;0;7558;7562;7560;1;1994
7583;0;7582;7586;7584;1;3493
7591;0;7590;7594;7592;1;326
7603;0;7602;7606;7604;7602;3877
7607;0;7606;7610;7608;1;859
7639;0;7638;7642;7640;1;1109
7643;0;7642;7646;7644;7642;4758
7687;0;7686;7690;7688;1;124
7691;0;7690;7694;7692;7690;4562
7699;0;7698;7702;7700;7698;3995
7703;0;7702;7706;7704;1;1354
7723;0;7722;7726;7724;7722;5961
7727;0;7726;7730;7728;1;796
7759;0;7758;7762;7760;1;872
7823;0;7822;7826;7824;1;3340
7867;0;7866;7870;7868;7866;5106
7879;0;7878;7882;7880;1;1274
7883;0;7882;7886;7884;7882;4135
7907;0;7906;7910;7908;7906;6089
7919;0;7918;7922;7920;1;89
7927;0;7926;7930;7928;1;3750
7951;0;7950;7954;7952;1;1476
7963;0;7962;7966;7964;7962;4803
8011;0;8010;8014;8012;8010;4083
8039;0;8038;8042;8040;1;2915
8059;0;8058;8062;8060;8058;5117
8087;0;8086;8090;8088;1;3553
8111;0;8110;8114;8112;1;887
8123;0;8122;8126;8124;8122;4357
8147;0;8146;8150;8148;8146;4308
8167;0;8166;8170;8168;1;1659
8171;0;8170;8174;8172;8170;6965
8179;0;8178;8182;8180;8178;4591
8191;0;8190;8194;8192;1;128
8219;0;8218;8222;8220;8218;4188
8231;0;8230;8234;8232;1;1628
8243;0;8242;8246;8244;8242;6819
8263;0;8262;8266;8264;1;2724
8287;0;8286;8290;8288;1;1341
8291;0;8290;8294;8292;8290;5241
8311;0;8310;8314;8312;1;3843
8363;0;8362;8366;8364;8362;8139
8387;0;8386;8390;8388;8386;7853
8419;0;8418;8422;8420;8418;7141
8423;0;8422;8426;8424;1;3956
8431;0;8430;8434;8432;1;2047
8443;0;8442;8446;8444;8442;7515
8447;0;8446;8450;8448;1;2490
8467;0;8466;8470;8468;8466;6989
8527;0;8526;8530;8528;1;3253
8539;0;8538;8542;8540;8538;8158
8543;0;8542;8546;8544;1;647
8563;0;8562;8566;8564;8562;7883
8599;0;8598;8602;8600;1;3421
8623;0;8622;8626;8624;1;2409
8627;0;8626;8630;8628;8626;5255
8647;0;8646;8650;8648;1;93
8663;0;8662;8666;8664;1;2494
8699;0;8698;8702;8700;8698;5238
8707;0;8706;8710;8708;8706;6111
8719;0;8718;8722;8720;1;385
8731;0;8730;8734;8732;8730;8155
8747;0;8746;8750;8748;8746;4985
8779;0;8778;8782;8780;8778;6967
8783;0;8782;8786;8784;1;2404
8803;0;8802;8806;8804;8802;7122
8807;0;8806;8810;8808;1;1684
8819;0;8818;8822;8820;8818;8110
8831;0;8830;8834;8832;1;3642
8839;0;8838;8842;8840;1;1136
8863;0;8862;8866;8864;1;1959
8867;0;8866;8870;8868;8866;6691
8887;0;8886;8890;8888;1;3267
8923;0;8922;8926;8924;8922;8047
8951;0;8950;8954;8952;1;354
8963;0;8962;8966;8964;8962;5289
8971;0;8970;8974;8972;8970;8739
8999;0;8998;9002;9000;1;4374
9007;0;9006;9010;9008;1;3034
9011;0;9010;9014;9012;9010;4894
9043;0;9042;9046;9044;9042;5997
9059;0;9058;9062;9060;9058;7031
9067;0;9066;9070;9068;9066;8520
9091;0;9090;9094;9092;9090;5251
9103;0;9102;9106;9104;1;3814
9127;0;9126;9130;9128;1;4161
9151;0;9150;9154;9152;1;3732
9187;0;9186;9190;9188;9186;7156
9199;0;9198;9202;9200;1;3923
9203;0;9202;9206;9204;9202;7967
9227;0;9226;9230;9228;9226;8136
9239;0;9238;9242;9240;1;3125
9283;0;9282;9286;9284;9282;9047
9311;0;9310;9314;9312;1;1344
9319;0;9318;9322;9320;1;2214
9323;0;9322;9326;9324;9322;8454
9343;0;9342;9346;9344;1;2581
9371;0;9370;9374;9372;9370;4937
9391;0;9390;9394;9392;1;3098
9403;0;9402;9406;9404;9402;7411
9419;0;9418;9422;9420;9418;7170
9431;0;9430;9434;9432;1;2422
9439;0;9438;9442;9440;1;1483
9463;0;9462;9466;9464;1;3632
9467;0;9466;9470;9468;9466;6519
9479;0;9478;9482;9480;1;1502
9491;0;9490;9494;9492;9490;7963
9511;0;9510;9514;9512;1;4484
9539;0;9538;9542;9540;9538;9246
9547;0;9546;9550;9548;9546;7610
9551;0;9550;9554;9552;1;835
9587;0;9586;9590;9588;9586;6694
9619;0;9618;9622;9620;9618;6566
9623;0;9622;9626;9624;1;572
9631;0;9630;9634;9632;1;3715
9643;0;9642;9646;9644;9642;6149
9679;0;9678;9682;9680;1;2627
9719;0;9718;9722;9720;1;4304
9739;0;9738;9742;9740;9738;6850
9743;0;9742;9746;9744;1;3112
9767;0;9766;9770;9768;1;4382
9787;0;9786;9790;9788;9786;6370
9791;0;9790;9794;9792;1;3217
9803;0;9802;9806;9804;9802;9704
9811;0;9810;9814;9812;9810;9242
9839;0;9838;9842;9840;1;3416
9851;0;9850;9854;9852;9850;7861
9859;0;9858;9862;9860;9858;8538
9871;0;9870;9874;9872;1;1689
9883;0;9882;9886;9884;9882;5729
9887;0;9886;9890;9888;1;3648
9907;0;9906;9910;9908;9906;8968
9923;0;9922;9926;9924;9922;9679
9931;0;9930;9934;9932;9930;7896
9967;0;9966;9970;9968;1;3038
1019;1;679;1058;1056;1;644
1031;1;687;994;992;1;154
1039;4;3;1062;1060;1038;409
1051;4;701;1026;1024;1;277
1063;3;5;1110;1108;1062;1
1087;3;5;1118;1116;1086;1
1091;1;727;1042;1040;1;348
1103;1;735;1154;1152;1;1056
1123;3;5;1142;1140;1122;1
1151;1;767;1154;1152;1;978
1163;1;775;1154;1152;1;688
1171;4;781;1218;1216;1;769
1187;1;791;1154;1152;1;412
1223;1;815;1250;1248;1;1107
1231;4;3;1214;1212;1230;331
1259;1;839;1202;1200;1;480
1279;4;3;1230;1228;1278;1050
1283;1;855;1298;1296;1;992
1291;4;861;1338;1336;1;984
1303;3;5;1334;1332;1302;1
1307;1;871;1282;1280;1;996
1319;1;879;1330;1328;1;691
1327;3;5;1326;1324;1326;1
1367;1;911;1346;1344;1;1083
1399;4;3;1406;1404;1398;650
1423;3;5;1462;1460;1422;1
1427;1;951;1490;1488;1;584
1439;1;959;1490;1488;1;419
1447;3;5;1454;1452;1446;1
1451;1;967;1506;1504;1;1385
1459;4;973;1434;1432;1;1268
1471;4;3;1470;1468;1470;1169
1483;3;5;1414;1412;1482;1
1487;1;991;1426;1424;1;1034
1499;1;999;1522;1520;1;981
1511;1;1007;1554;1552;1;1456
1523;1;1015;1490;1488;1;1324
1531;4;1021;1522;1520;1;1233
1543;3;5;1542;1540;1542;1
1559;1;1039;1522;1520;1;714
1567;3;5;1518;1516;1566;1
1571;1;1047;1634;1632;1;1161
1579;4;1053;1586;1584;1;824
1583;1;1055;1570;1568;1;826
1607;1;1071;1618;1616;1;737
1619;1;1079;1634;1632;1;713
1627;3;5;1582;1580;1626;1
1663;3;5;1686;1684;1662;1
1667;1;1111;1730;1728;1;961
1699;4;1133;1682;1680;1;1028
1723;3;5;1702;1700;1722;1
1747;3;5;1806;1804;1746;1
1759;4;3;1750;1748;1758;824
1783;3;5;1766;1764;1782;1
1787;1;1191;1778;1776;1;264
1811;1;1207;1890;1888;1;217
1823;1;1215;1746;1744;1;1106
1831;4;3;1790;1788;1830;1235
1847;1;1231;1842;1840;1;1211
1867;3;5;1854;1852;1866;1
1871;1;1247;1890;1888;1;898
1879;4;3;1926;1924;1878;1585
1907;1;1271;1922;1920;1;513
1931;1;1287;1922;1920;1;357
1951;4;3;1902;1900;1950;1434
1979;1;1319;1970;1968;1;837
1987;3;5;2062;2060;1986;1
1999;4;3;2054;2052;1998;562
2003;1;1335;1986;1984;1;385
2011;4;1341;2090;2088;1;623
2027;1;1351;2066;2064;1;78
2039;1;1359;2098;2096;1;282
2063;1;1375;2114;2112;1;369
2083;3;5;2118;2116;2082;2082
2087;1;1391;2082;2080;1;618
2099;1;1399;2018;2016;1;678
2111;1;1407;2162;2160;1;65
2131;4;1421;2146;2144;1;146
2143;3;5;2214;2212;2142;2142
2179;4;1453;2266;2264;1;1049
2203;3;5;2246;2244;2202;2202
2207;1;1471;2178;2176;1;428
2239;4;3;2270;2268;2238;1736
2243;1;1495;2210;2208;1;67
2251;4;1501;2306;2304;1;460
2267;1;1511;2354;2352;1;703
2287;3;5;2302;2300;2286;2286
2311;4;3;2382;2380;2310;2243
2339;1;1559;2322;2320;1;857
2347;3;5;2286;2284;2346;2346
2351;1;1567;2354;2352;1;84
2371;4;1581;2346;2344;1;154
2383;3;5;2390;2388;2382;2382
2399;1;1599;2466;2464;1;541
2411;1;1607;2338;2336;1;562
2423;1;1615;2402;2400;1;251
2447;1;1631;2498;2496;1;689
2459;1;1639;2482;2480;1;933
2467;3;5;2446;2444;2466;2466
2503;3;5;2486;2484;2502;2502
2531;1;1687;2482;2480;1;591
2539;4;1693;2522;2520;1;276
2543;1;1695;2626;2624;1;557
2551;4;3;2598;2596;2550;2051
2579;1;1719;2642;2640;1;946
2591;1;1727;2498;2496;1;1100
2647;3;5;2734;2732;2646;2646
2659;4;1773;2586;2584;1;1053
2663;1;1775;2690;2688;1;73
2671;4;3;2614;2612;2670;2203
2683;3;5;2758;2756;2682;2682
2687;1;1791;2642;2640;1;953
2699;1;1799;2690;2688;1;90
2707;3;5;2766;2764;2706;2706
2711;1;1807;2786;2784;1;423
2719;4;3;2702;2700;2718;2504
2731;4;1821;2714;2712;1;398
2767;3;5;2718;2716;2766;2766
2791;4;3;2838;2836;2790;1843
2803;3;5;2790;2788;2802;2802
2819;1;1879;2834;2832;1;364
2843;1;1895;2770;2768;1;1255
2851;4;1901;2890;2888;1;736
2879;1;1919;2882;2880;1;1393
2887;3;5;2814;2812;2886;2886
2903;1;1935;2866;2864;1;454
2927;1;1951;2914;2912;1;570
2939;1;1959;2866;2864;1;260
2963;1;1975;2994;2992;1;77
2971;4;1981;3066;3064;1;972
2999;1;1999;3090;3088;1;342
3011;1;2007;3074;3072;1;182
3019;4;2013;2986;2984;1;55
3023;1;2015;3090;3088;1;850
3067;3;5;3006;3004;3066;3066
3079;4;3;3134;3132;3078;2232
3083;1;2055;3122;3120;1;1249
3119;1;2079;3122;3120;1;79
3163;3;5;3174;3172;3162;3162
3167;1;2111;3186;3184;1;960
3187;3;5;3214;3212;3186;3186
3191;1;2127;3250;3248;1;730
3203;1;2135;3234;3232;1;388
3251;1;2167;3314;3312;1;788
3259;4;2173;3258;3256;1;1580
3271;4;3;3350;3348;3270;3057
3299;1;2199;3202;3200;1;1261
3307;3;5;3278;3276;3306;3306
3319;4;3;3294;3292;3318;2588
3323;1;2215;3330;3328;1;360
3331;4;2221;3234;3232;1;678
3343;3;5;3350;3348;3342;3342
3347;1;2231;3330;3328;1;295
3359;1;2239;3442;3440;1;1027
3371;1;2247;3362;3360;1;975
3391;4;3;3390;3388;3390;1991
3407;1;2271;3346;3344;1;698
3463;3;5;3494;3492;3462;3462
3467;1;2311;3410;3408;1;102
3491;1;2327;3474;3472;1;1561
3499;4;2333;3538;3536;1;324
3511;4;3;3614;3612;3510;2952
3527;1;2351;3442;3440;1;1665
3539;1;2359;3506;3504;1;999
3547;3;5;3630;3628;3546;3546
3559;4;3;3510;3508;3558;1984
3571;4;2381;3498;3496;1;702
3583;3;5;3670;3668;3582;3582
3607;3;5;3630;3628;3606;3606
3623;1;2415;3730;3728;1;489
3631;4;3;3742;3740;3630;1960
3643;3;5;3638;3636;3642;3642
3659;1;2439;3602;3600;1;941
3671;1;2447;3602;3600;1;1783
3691;4;2461;3674;3672;1;989
3719;1;2479;3650;3648;1;1136
3727;3;5;3614;3612;3726;3726
3739;4;2493;3682;3680;1;1669
3767;1;2511;3714;3712;1;1360
3779;1;2519;3746;3744;1;679
3803;1;2535;3842;3840;1;501
3823;3;5;3766;3764;3822;3822
3847;3;5;3822;3820;3846;3846
3851;1;2567;3890;3888;1;729
3863;1;2575;3890;3888;1;751
3907;3;5;3806;3804;3906;3906
3911;1;2607;4034;4032;1;846
3919;4;3;4014;4012;3918;2364
3923;1;2615;3970;3968;1;1587
3931;4;2621;3986;3984;1;1694
3943;3;5;4022;4020;3942;3942
3947;1;2631;4002;4000;1;1286
3967;3;5;4046;4044;3966;3966
4003;3;5;4038;4036;4002;4002
4007;1;2671;3970;3968;1;1191
4019;1;2679;4066;4064;1;883
4027;3;5;3950;3948;4026;4026
4051;4;2701;4074;4072;1;1765
4079;1;2719;4002;4000;1;1674
4091;1;2727;4034;4032;1;995
4099;4;2733;4034;4032;1;1994
4111;4;3;4022;4020;4110;2234
4127;1;2751;4130;4128;1;1406
4139;1;2759;4258;4256;1;91
4159;4;3;4070;4068;4158;2578
4211;1;2807;4242;4240;1;776
4219;4;2813;4274;4272;1;65
4231;4;3;4190;4188;4230;4139
4243;3;5;4182;4180;4242;4242
4259;1;2839;4210;4208;1;1973
4271;1;2847;4226;4224;1;748
4283;1;2855;4322;4320;1;1240
4327;3;5;4382;4380;4326;4326
4339;4;2893;4290;4288;1;1749
4363;3;5;4358;4356;4362;4362
4391;1;2927;4418;4416;1;1941
4423;3;5;4358;4356;4422;4422
4447;3;5;4382;4380;4446;4446
4451;1;2967;4578;4576;1;1377
4463;1;2975;4370;4368;1;458
4483;3;5;4358;4356;4482;4482
4507;3;5;4606;4604;4506;4506
4519;4;3;4478;4476;4518;2882
4523;1;3015;4482;4480;1;420
4547;1;3031;4642;4640;1;1166
4567;3;5;4638;4636;4566;4566
4583;1;3055;4674;4672;1;520
4591;4;3;4566;4564;4590;3362
4603;3;5;4710;4708;4602;4602
4639;4;3;4550;4548;4638;2691
4643;1;3095;4690;4688;1;226
4651;4;3101;4538;4536;1;341
4663;3;5;4678;4676;4662;4662
4679;1;3119;4786;4784;1;1287
4691;1;3127;4706;4704;1;1596
4703;1;3135;4642;4640;1;97
4723;3;5;4806;4804;4722;4722
4751;1;3167;4818;4816;1;2019
4759;4;3;4814;4812;4758;4690
4783;3;5;4662;4660;4782;4782
4787;1;3191;4802;4800;1;2102
4799;1;3199;4898;4896;1;120
4831;4;3;4734;4732;4830;2609
4871;1;3247;4914;4912;1;567
4903;3;5;4966;4964;4902;4902
4919;1;3279;4866;4864;1;438
4931;1;3287;4834;4832;1;1291
4943;1;3295;4914;4912;1;482
4951;4;3;4974;4972;4950;4258
4967;1;3311;5042;5040;1;338
4987;3;5;4910;4908;4986;4986
4999;4;3;4886;4884;4998;4899
5003;1;3335;4882;4880;1;596
5011;4;3341;5042;5040;1;1222
5023;3;5;5062;5060;5022;5022
5039;1;3359;4994;4992;1;2458
5051;1;3367;5010;5008;1;785
5059;4;3373;5098;5096;1;537
5087;1;3391;5090;5088;1;1662
5099;1;3399;5138;5136;1;101
5107;3;5;5118;5116;5106;5106
5119;4;3;5102;5100;5118;4824
5147;1;3431;5106;5104;1;1795
5167;3;5;5262;5260;5166;5166
5171;1;3447;5186;5184;1;2339
5179;4;3453;5074;5072;1;2057
5227;3;5;5358;5356;5226;5226
5231;1;3487;5266;5264;1;762
5279;1;3519;5298;5296;1;2519
5303;1;3535;5202;5200;1;103
5323;3;5;5462;5460;5322;5322
5347;3;5;5438;5436;5346;5346
5351;1;3567;5378;5376;1;373
5387;1;3591;5474;5472;1;352
5399;1;3599;5458;5456;1;2279
5407;3;5;5470;5468;5406;5406
5419;4;3613;5426;5424;1;2016
5431;4;3;5342;5340;5430;2813
5443;3;5;5382;5380;5442;5442
5471;1;3647;5394;5392;1;2096
5479;4;3;5462;5460;5478;2917
5483;1;3655;5410;5408;1;2040
5503;3;5;5462;5460;5502;5502
5507;1;3671;5490;5488;1;2274
5519;1;3679;5538;5536;1;1631
5527;3;5;5550;5548;5526;5526
5531;1;3687;5682;5680;1;1415
5563;3;5;5430;5428;5562;5562
5591;1;3727;5554;5552;1;248
5623;3;5;5574;5572;5622;5622
5639;1;3759;5570;5568;1;2179
5647;3;5;5758;5756;5646;5646
5651;1;3767;5730;5728;1;792
5659;4;3773;5602;5600;1;1807
5683;3;5;5702;5700;5682;5682
5711;1;3807;5746;5744;1;1868
5743;3;5;5798;5796;5742;5742
5779;4;3853;5642;5640;1;2327
5783;1;3855;5810;5808;1;1183
5791;4;3;5942;5940;5790;4252
5807;1;3871;5842;5840;1;132
5827;3;5;5838;5836;5826;5826
5839;4;3;5878;5876;5838;4614
5843;1;3895;5762;5760;1;621
5851;4;3901;5962;5960;1;2031
5867;1;3911;5938;5936;1;2530
5879;1;3919;5858;5856;1;2090
5903;1;3935;5810;5808;1;2383
5923;3;5;5862;5860;5922;5922
5927;1;3951;5906;5904;1;2012
5939;1;3959;5874;5872;1;109
5987;1;3991;5906;5904;1;2213
6007;3;5;6062;6060;6006;6006
6011;1;4007;6066;6064;1;2271
6043;3;5;6006;6004;6042;6042
6047;1;4031;5938;5936;1;1605
6067;3;5;6078;6076;6066;6066
6079;4;3;6118;6116;6078;3386
6091;4;4061;6122;6120;1;1234
6131;1;4087;6146;6144;1;2821
6143;1;4095;6018;6016;1;1961
6151;4;3;6134;6132;6150;5602
6163;3;5;6166;6164;6162;6162
6199;4;3;6302;6300;6198;5665
6203;1;4135;6242;6240;1;1702
6211;4;4141;6106;6104;1;949
6247;3;5;6174;6172;6246;6246
6263;1;4175;6290;6288;1;2771
6271;4;3;6190;6188;6270;6159
6287;1;4191;6402;6400;1;3012
6299;1;4199;6306;6304;1;1780
6311;1;4207;6418;6416;1;1787
6323;1;4215;6418;6416;1;1237
6343;3;5;6326;6324;6342;6342
6359;1;4239;6434;6432;1;498
6367;3;5;6270;6268;6366;6366
6379;4;4253;6426;6424;1;603
6427;3;5;6446;6444;6426;6426
6451;4;4301;6554;6552;1;254
6491;1;4327;6434;6432;1;734
6547;3;5;6430;6428;6546;6546
6551;1;4367;6498;6496;1;682
6563;1;4375;6610;6608;1;838
6571;4;4381;6626;6624;1;444
6599;1;4399;6690;6688;1;2238
6607;3;5;6526;6524;6606;6606
6619;4;4413;6578;6576;1;3239
6659;1;4439;6626;6624;1;2531
6679;4;3;6678;6676;6678;3800
6691;4;4461;6770;6768;1;409
6703;3;5;6710;6708;6702;6702
6719;1;4479;6626;6624;1;2742
6763;3;5;6694;6692;6762;6762
6779;1;4519;6818;6816;1;1064
6791;1;4527;6642;6640;1;1839
6803;1;4535;6674;6672;1;3054
6823;3;5;6902;6900;6822;6822
6827;1;4551;6674;6672;1;516
6863;1;4575;6962;6960;1;1001
6871;4;3;6926;6924;6870;4553
6883;3;5;6902;6900;6882;6882
6899;1;4599;6962;6960;1;638
6907;3;5;6910;6908;6906;6906
6911;1;4607;6914;6912;1;144
6947;1;4631;6818;6816;1;425
6959;1;4639;6818;6816;1;760
6967;3;5;7086;7084;6966;6966
6971;1;4647;6898;6896;1;1812
6983;1;4655;7010;7008;1;923
6991;4;3;6862;6860;6990;3696
7019;1;4679;7058;7056;1;2752
7027;3;5;7038;7036;7026;7026
7039;4;3;7086;7084;7038;5694
7043;1;4695;7058;7056;1;2841
7079;1;4719;7042;7040;1;119
7103;1;4735;7122;7120;1;725
7127;1;4751;7122;7120;1;280
7151;1;4767;7010;7008;1;687
7159;4;3;7286;7284;7158;4041
7187;1;4791;7314;7312;1;1760
7207;3;5;7374;7372;7206;7206
7211;1;4807;7058;7056;1;433
7219;4;4813;7162;7160;1;85
7243;3;5;7254;7252;7242;7242
7247;1;4831;7362;7360;1;1018
7283;1;4855;7394;7392;1;2889
7307;1;4871;7170;7168;1;2476
7331;1;4887;7298;7296;1;3372
7351;4;3;7318;7316;7350;6088
7411;4;4941;7434;7432;1;1599
7451;1;4967;7506;7504;1;1043
7459;4;4973;7458;7456;1;1688
7487;1;4991;7506;7504;1;3600
7499;1;4999;7378;7376;1;150
7507;3;5;7566;7564;7506;7506
7523;1;5015;7666;7664;1;2369
7547;1;5031;7618;7616;1;2368
7559;1;5039;7458;7456;1;1754
7583;1;5055;7538;7536;1;1312
7591;4;3;7438;7436;7590;7265
7603;3;5;7606;7604;7602;7602
7607;1;5071;7554;7552;1;1641
7639;4;3;7486;7484;7638;6530
7643;1;5095;7746;7744;1;2451
7687;3;5;7598;7596;7686;7686
7691;1;5127;7730;7728;1;1723
7699;4;5133;7794;7792;1;2160
7703;1;5135;7586;7584;1;755
7723;3;5;7798;7796;7722;7722
7727;1;5151;7698;7696;1;2069
7759;4;3;7790;7788;7758;6887
7823;1;5215;7682;7680;1;451
7867;3;5;7838;7836;7866;7866
7879;4;3;7958;7956;7878;6605
7883;1;5255;8018;8016;1;2855
7907;1;5271;7986;7984;1;1903
7919;1;5279;8018;8016;1;3023
7927;3;5;7998;7996;7926;7926
7951;4;3;8014;8012;7950;6475
7963;3;5;8054;8052;7962;7962
8011;4;5341;7930;7928;1;1856
8039;1;5359;8018;8016;1;430
8059;4;5373;8082;8080;1;1081
8087;1;5391;8178;8176;1;3266
8111;1;5407;8082;8080;1;156
8123;1;5415;8162;8160;1;1956
8147;1;5431;8162;8160;1;1430
8167;3;5;8238;8236;8166;8166
8171;1;5447;8306;8304;1;1542
8179;4;5453;8178;8176;1;286
8191;4;3;8230;8228;8190;8063
8219;1;5479;8322;8320;1;1065
8231;1;5487;8162;8160;1;2951
8243;1;5495;8194;8192;1;3838
8263;3;5;8198;8196;8262;8262
8287;3;5;8366;8364;8286;8286
8291;1;5527;8354;8352;1;302
8311;4;3;8270;8268;8310;4468
8363;1;5575;8306;8304;1;3156
8387;1;5591;8530;8528;1;2640
8419;4;5613;8354;8352;1;4130
8423;1;5615;8402;8400;1;4132
8431;4;3;8550;8548;8430;6384
8443;3;5;8342;8340;8442;8442
8447;1;5631;8498;8496;1;1357
8467;3;5;8414;8412;8466;8466
8527;3;5;8670;8668;8526;8526
8539;4;5693;8378;8376;1;1887
8543;1;5695;8690;8688;1;3391
8563;3;5;8438;8436;8562;8562
8599;4;3;8702;8700;8598;5178
8623;3;5;8550;8548;8622;8622
8627;1;5751;8562;8560;1;799
8647;3;5;8670;8668;8646;8646
8663;1;5775;8594;8592;1;1563
8699;1;5799;8642;8640;1;3705
8707;3;5;8670;8668;8706;8706
8719;4;3;8718;8716;8718;8334
8731;4;5821;8714;8712;1;2481
8747;1;5831;8642;8640;1;162
8779;4;5853;8858;8856;1;2003
8783;1;5855;8738;8736;1;1412
8803;3;5;8710;8708;8802;8802
8807;1;5871;8946;8944;1;1788
8819;1;5879;8882;8880;1;3848
8831;1;5887;8914;8912;1;2988
8839;4;3;8790;8788;8838;7703
8863;3;5;9014;9012;8862;8862
8867;1;5911;8738;8736;1;765
8887;3;5;9006;9004;8886;8886
8923;3;5;9046;9044;8922;8922
8951;1;5967;8786;8784;1;1045
8963;1;5975;8978;8976;1;314
8971;4;5981;9098;9096;1;3022
8999;1;5999;9026;9024;1;2136
9007;3;5;9022;9020;9006;9006
9011;1;6007;8978;8976;1;1147
9043;3;5;9078;9076;9042;9042
9059;1;6039;8930;8928;1;2306
9067;3;5;9230;9228;9066;9066
9091;4;6061;9018;9016;1;3853
9103;3;5;9062;9060;9102;9102
9127;3;5;9038;9036;9126;9126
9151;4;3;9206;9204;9150;5419
9187;3;5;9134;9132;9186;9186
9199;4;3;9158;9156;9198;5276
9203;1;6135;9122;9120;1;3359
9227;1;6151;9250;9248;1;2722
9239;1;6159;9266;9264;1;2145
9283;3;5;9382;9380;9282;9282
9311;1;6207;9394;9392;1;4010
9319;4;3;9318;9316;9318;7105
9323;1;6215;9282;9280;1;4360
9343;3;5;9446;9444;9342;9342
9371;1;6247;9506;9504;1;3078
9391;4;3;9486;9484;9390;6293
9403;3;5;9414;9412;9402;9402
9419;1;6279;9378;9376;1;3832
9431;1;6287;9442;9440;1;2044
9439;4;3;9310;9308;9438;7956
9463;3;5;9622;9620;9462;9462
9467;1;6311;9426;9424;1;1143
9479;1;6319;9538;9536;1;4296
9491;1;6327;9474;9472;1;4163
9511;4;3;9542;9540;9510;5027
9539;1;6359;9602;9600;1;4255
9547;3;5;9518;9516;9546;9546
9551;1;6367;9522;9520;1;670
9587;1;6391;9538;9536;1;2759
9619;4;6413;9586;9584;1;1181
9623;1;6415;9730;9728;1;3877
9631;4;3;9494;9492;9630;5916
9643;3;5;9494;9492;9642;9642
9679;4;3;9558;9556;9678;7052
9719;1;6479;9602;9600;1;1274
9739;4;6493;9690;9688;1;4784
9743;1;6495;9858;9856;1;4786
9767;1;6511;9682;9680;1;4139
9787;3;5;9854;9852;9786;9786
9791;1;6527;9794;9792;1;4040
9803;1;6535;9906;9904;1;2873
9811;4;6541;9954;9952;1;1125
9839;1;6559;9826;9824;1;4755
9851;1;6567;9826;9824;1;476
9859;4;6573;9802;9800;1;314
9871;4;3;10046;10044;9870;8182
9883;3;5;9782;9780;9882;9882
9887;1;6591;9890;9888;1;2627
9907;3;5;10046;10044;9906;9906
9923;1;6615;10082;10080;1;1540
9931;4;6621;9874;9872;1;1851
9967;3;5;9902;9900;9966;9966
