Field characteristic;Edwards Curve P_x;Edwards Curve P_y;Edwards Curve Point Order;Montgomery Curve P_x;Montgomery Curve P_y;Montgomery Curve Point Order
1019;13;101;1020;24;443;1020
1031;4;368;1032;21;154;1032
1039;9;493;1040;11;313;1040
1051;10;300;1052;3;227;1052
1063;3;272;1064;3;288;1064
1087;6;475;1088;3;119;1088
1091;9;191;1092;6;137;1092
1103;3;42;1104;5;251;1104
1123;18;527;1124;2;75;1124
1151;4;57;1152;13;470;1152
1163;2;61;1164;2;123;1164
1171;5;504;1172;3;84;1172
1187;2;209;1188;2;312;1188
1223;2;542;1224;10;400;1224
1231;15;163;1232;15;171;1232
1259;12;368;1260;8;326;1260
1279;8;286;1280;12;230;1280
1283;7;203;1284;2;152;1284
1291;5;544;1292;3;567;1292
1303;3;281;1304;3;234;1304
1307;7;602;1308;2;453;1308
1319;11;403;1320;13;548;1320
1327;3;427;1328;3;615;1328
1367;3;299;1368;5;611;1368
1399;8;442;1400;13;258;1400
1423;3;363;1424;3;520;1424
1427;2;410;1428;8;240;1428
1439;4;309;1440;17;395;1440
1447;3;45;1448;3;336;1448
1451;7;511;1452;8;188;1452
1459;5;134;1460;3;593;1460
1471;10;493;1472;12;300;1472
1483;5;234;1484;2;708;1484
1487;2;573;1488;5;164;1488
1499;4;452;1500;7;43;1500
1511;6;485;1512;22;135;1512
1523;2;171;1524;2;489;1524
1531;5;292;1532;3;96;1532
1543;3;590;1544;3;239;1544
1559;6;244;1560;31;487;1560
1567;3;539;1568;3;365;1568
1571;7;606;1572;6;58;1572
1579;9;143;1580;7;721;1580
1583;3;512;1584;20;113;1584
1607;2;489;1608;5;644;1608
1619;9;626;1620;7;443;1620
1627;4;175;1628;2;389;1628
1663;3;596;1664;6;717;1664
1667;2;580;1668;2;798;1668
1699;9;480;1700;3;470;1700
1723;4;785;1724;2;449;1724
1747;6;120;1748;2;532;1748
1759;10;169;1760;6;500;1760
1783;3;342;1784;3;487;1784
1787;14;471;1788;7;623;1788
1811;6;868;1812;10;739;1812
1823;2;694;1824;30;802;1824
1831;9;257;1832;6;155;1832
1847;2;870;1848;20;363;1848
1867;4;576;1868;2;710;1868
1871;9;360;1872;19;56;1872
1879;6;104;1880;6;157;1880
1907;2;332;1908;2;840;1908
1931;4;708;1932;47;169;1932
1951;9;535;1952;12;197;1952
1979;6;184;1980;10;384;1980
1987;16;951;1988;18;204;1988
1999;12;160;2000;15;213;2000
2003;2;20;2004;5;575;2004
2011;5;398;2012;3;583;2012
2027;6;210;2028;2;487;2028
2039;20;377;2040;11;437;2040
2063;2;325;2064;15;908;2064
2083;5;83;2084;2;250;2084
2087;2;544;2088;5;982;2088
2099;9;695;2100;8;201;2100
2111;10;459;2112;13;272;2112
2131;5;753;2132;3;694;2132
2143;3;946;2144;3;167;2144
2179;14;681;2180;7;702;2180
2203;4;280;2204;2;105;2204
2207;2;654;2208;10;863;2208
2239;15;571;2240;6;971;2240
2243;2;247;2244;6;939;2244
2251;9;855;2252;3;956;2252
2267;7;326;2268;15;796;2268
2287;3;1125;2288;3;1080;2288
2311;9;558;2312;6;830;2312
2339;4;1014;2340;23;795;2340
2347;15;433;2348;2;325;2348
2351;4;982;2352;13;670;2352
2371;8;932;2372;3;49;2372
2383;3;449;2384;3;563;2384
2399;8;823;2400;26;665;2400
2411;4;407;2412;8;727;2412
2423;3;357;2424;11;899;2424
2447;2;823;2448;11;1081;2448
2459;4;1107;2460;7;53;2460
2467;5;1073;2468;2;479;2468
2503;3;290;2504;3;577;2504
2531;13;73;2532;7;1180;2532
2539;5;203;2540;3;864;2540
2543;2;263;2544;5;671;2544
2551;6;885;2552;6;718;2552
2579;8;1206;2580;18;1080;2580
2591;4;484;2592;14;650;2592
2647;3;1041;2648;3;313;2648
2659;8;673;2660;8;1241;2660
2663;2;1186;2664;22;1050;2664
2671;9;561;2672;12;1007;2672
2683;4;512;2684;2;832;2684
2687;2;697;2688;10;625;2688
2699;7;1280;2700;6;871;2700
2707;5;1300;2708;2;654;2708
2711;18;496;2712;21;617;2712
2719;6;380;2720;6;1196;2720
2731;5;942;2732;3;558;2732
2767;3;1125;2768;3;485;2768
2791;9;222;2792;15;249;2792
2803;16;605;2804;2;290;2804
2819;8;649;2820;11;748;2820
2843;2;784;2844;5;685;2844
2851;5;1026;2852;3;1309;2852
2879;5;761;2880;26;872;2880
2887;3;366;2888;3;170;2888
2903;2;281;2904;15;354;2904
2927;2;452;2928;5;311;2928
2939;7;408;2940;23;123;2940
2963;2;1338;2964;2;1303;2964
2971;8;223;2972;3;582;2972
2999;4;302;3000;19;875;3000
3011;9;590;3012;6;1309;3012
3019;5;1453;3020;3;853;3020
3023;2;1147;3024;5;1293;3024
3067;4;86;3068;2;910;3068
3079;8;1102;3080;6;958;3080
3083;2;648;3084;39;431;3084
3119;9;1355;3120;28;553;3120
3163;5;27;3164;2;1122;3164
3167;3;1193;3168;5;904;3168
3187;6;305;3188;2;411;3188
3191;4;158;3192;26;1335;3192
3203;2;723;3204;2;310;3204
3251;6;974;3252;24;988;3252
3259;9;1534;3260;7;1533;3260
3271;13;340;3272;6;1020;3272
3299;10;560;3300;28;1338;3300
3307;10;497;3308;2;244;3308
3319;34;1040;3320;14;250;3320
3323;7;1261;3324;2;1259;3324
3331;5;32;3332;3;695;3332
3343;3;1197;3344;3;892;3344
3347;6;563;3348;6;239;3348
3359;5;551;3360;37;830;3360
3371;9;156;3372;7;61;3372
3391;6;84;3392;6;978;3392
3407;2;1127;3408;10;1620;3408
3463;3;393;3464;3;1457;3464
3467;12;288;3468;7;295;3468
3491;4;941;3492;6;1534;3492
3499;11;1334;3500;3;769;3500
3511;9;136;3512;12;1266;3512
3527;2;1004;3528;10;1541;3528
3539;4;1058;3540;17;1747;3540
3547;4;262;3548;2;526;3548
3559;12;544;3560;12;961;3560
3571;5;790;3572;3;500;3572
3583;3;1371;3584;5;1586;3584
3607;3;763;3608;3;190;3608
3623;2;808;3624;11;1099;3624
3631;6;793;3632;6;1003;3632
3643;4;150;3644;2;135;3644
3659;7;421;3660;14;1318;3660
3671;6;212;3672;43;99;3672
3691;5;674;3692;3;61;3692
3719;31;269;3720;33;1182;3720
3727;3;849;3728;3;891;3728
3739;9;1611;3740;7;1274;3740
3767;2;228;3768;15;402;3768
3779;55;1793;3780;6;1478;3780
3803;2;524;3804;2;1848;3804
3823;3;786;3824;3;223;3824
3847;3;1238;3848;3;402;3848
3851;13;1130;3852;7;908;3852
3863;5;1005;3864;5;1027;3864
3907;4;1632;3908;2;1004;3908
3911;5;1584;3912;26;1549;3912
3919;8;32;3920;19;1788;3920
3923;2;28;3924;2;381;3924
3931;9;105;3932;3;755;3932
3943;3;285;3944;3;1390;3944
3947;2;1325;3948;13;1018;3948
3967;3;1565;3968;3;1900;3968
4003;5;269;4004;2;1083;4004
4007;2;1567;4008;17;920;4008
4019;7;694;4020;6;156;4020
4027;5;176;4028;2;1266;4028
4051;6;129;4052;3;156;4052
4079;11;1869;4080;11;617;4080
4091;10;819;4092;29;1691;4092
4099;10;1599;4100;3;730;4100
4111;9;1510;4112;15;1847;4112
4127;2;1227;4128;5;549;4128
4139;9;475;4140;6;1290;4140
4159;13;967;4160;6;233;4160
4211;7;2084;4212;17;482;4212
4219;8;1606;4220;12;255;4220
4231;6;982;4232;6;235;4232
4243;4;685;4244;2;2065;4244
4259;8;801;4260;14;1952;4260
4271;9;1103;4272;28;25;4272
4283;2;1560;4284;11;75;4284
4327;3;1768;4328;3;2036;4328
4339;13;1436;4340;3;675;4340
4363;4;1104;4364;2;637;4364
4391;10;1123;4392;17;1977;4392
4423;3;1057;4424;3;767;4424
4447;3;1530;4448;3;1402;4448
4451;4;553;4452;10;1275;4452
4463;3;1514;4464;14;1930;4464
4483;4;482;4484;2;1774;4484
4507;5;258;4508;2;1705;4508
4519;13;652;4520;6;1035;4520
4523;11;2232;4524;7;316;4524
4547;2;965;4548;5;2214;4548
4567;3;1181;4568;3;438;4568
4583;3;527;4584;5;598;4584
4591;15;892;4592;15;1027;4592
4603;5;1455;4604;2;96;4604
4639;6;1155;4640;6;657;4640
4643;6;154;4644;2;1049;4644
4651;5;223;4652;3;1683;4652
4663;3;2082;4664;12;2232;4664
4679;17;1603;4680;11;921;4680
4691;16;1793;4692;7;71;4692
4703;2;1121;4704;15;1075;4704
4723;4;422;4724;2;1003;4724
4751;5;1851;4752;26;90;4752
4759;10;1968;4760;6;539;4760
4783;3;1110;4784;3;1454;4784
4787;2;1128;4788;5;867;4788
4799;4;1996;4800;22;1465;4800
4831;9;561;4832;12;540;4832
4871;15;45;4872;23;1580;4872
4903;3;941;4904;3;1550;4904
4919;5;1603;4920;13;478;4920
4931;7;1049;4932;10;872;4932
4943;2;853;4944;11;679;4944
4951;12;1780;4952;11;1968;4952
4967;2;649;4968;10;2385;4968
4987;4;1438;4988;11;215;4988
4999;9;2325;5000;12;311;5000
5003;2;2108;5004;6;1941;5004
5011;8;784;5012;3;71;5012
5023;3;1573;5024;3;1056;5024
5039;13;1754;5040;51;2417;5040
5051;7;2045;5052;7;2186;5052
5059;8;1725;5060;3;1662;5060
5087;2;1237;5088;11;2166;5088
5099;16;590;5100;22;2128;5100
5107;4;1754;5108;2;773;5108
5119;9;1932;5120;6;559;5120
5147;7;741;5148;2;1380;5148
5167;3;1250;5168;3;829;5168
5171;4;2424;5172;31;800;5172
5179;8;2333;5180;3;2087;5180
5227;5;1729;5228;2;485;5228
5231;4;1199;5232;13;585;5232
5279;10;761;5280;23;1792;5280
5303;3;1890;5304;46;2106;5304
5323;16;155;5324;2;1299;5324
5347;5;1522;5348;2;2268;5348
5351;5;2563;5352;11;2148;5352
5387;6;2253;5388;2;1603;5388
5399;4;1338;5400;14;2245;5400
5407;3;87;5408;3;2561;5408
5419;10;888;5420;3;786;5420
5431;9;694;5432;6;2327;5432
5443;4;40;5444;2;165;5444
5471;4;2598;5472;14;343;5472
5479;8;357;5480;11;1101;5480
5483;25;1017;5484;5;1042;5484
5503;3;430;5504;3;884;5504
5507;2;2635;5508;2;672;5508
5519;4;1896;5520;13;2443;5520
5527;3;1811;5528;3;2665;5528
5531;7;199;5532;6;307;5532
5563;5;2525;5564;2;543;5564
5591;15;2667;5592;23;1844;5592
5623;3;1590;5624;3;486;5624
5639;4;822;5640;31;1826;5640
5647;3;2064;5648;3;271;5648
5651;7;1000;5652;7;1593;5652
5659;6;2315;5660;3;1912;5660
5683;4;627;5684;2;727;5684
5711;6;2417;5712;31;2781;5712
5743;3;269;5744;3;461;5744
5779;11;1047;5780;3;2618;5780
5783;2;34;5784;5;437;5784
5791;13;281;5792;6;1278;5792
5807;2;1947;5808;10;1123;5808
5827;5;2835;5828;2;108;5828
5839;12;1804;5840;11;1953;5840
5843;2;2847;5844;2;1494;5844
5851;5;2420;5852;17;911;5852
5867;2;1910;5868;5;2180;5868
5879;11;2309;5880;11;1675;5880
5903;2;408;5904;15;1886;5904
5923;4;608;5924;2;606;5924
5927;2;2545;5928;10;819;5928
5939;4;2511;5940;6;110;5940
5987;2;1759;5988;2;279;5988
6007;3;2035;6008;3;2642;6008
6011;4;199;6012;6;1243;6012
6043;16;458;6044;2;2249;6044
6047;2;844;6048;15;1093;6048
6067;8;2133;6068;2;2116;6068
6079;8;201;6080;12;1606;6080
6091;9;496;6092;3;2327;6092
6131;4;921;6132;8;718;6132
6143;3;1916;6144;5;2009;6144
6151;8;2037;6152;12;2918;6152
6163;5;647;6164;2;430;6164
6199;10;1681;6200;6;1906;6200
6203;2;2287;6204;6;2508;6204
6211;5;2806;6212;3;79;6212
6247;3;2848;6248;3;250;6248
6263;2;1011;6264;17;2080;6264
6271;6;2189;6272;6;1994;6272
6287;3;2350;6288;17;2102;6288
6299;7;405;6300;8;2754;6300
6311;5;1757;6312;31;2181;6312
6323;2;3084;6324;7;114;6324
6343;3;1487;6344;3;3066;6344
6359;5;1757;6360;26;3010;6360
6367;3;468;6368;3;2489;6368
6379;15;2697;6380;3;1971;6380
6427;15;1828;6428;2;3144;6428
6451;5;697;6452;3;2752;6452
6491;4;2430;6492;7;570;6492
6547;6;2039;6548;2;2855;6548
6551;4;299;6552;17;1505;6552
6563;7;1726;6564;2;3071;6564
6571;6;3274;6572;3;2996;6572
6599;4;273;6600;13;476;6600
6607;8;1317;6608;3;3146;6608
6619;9;265;6620;3;2234;6620
6659;7;680;6660;7;1061;6660
6679;19;1014;6680;6;2976;6680
6691;5;1346;6692;3;985;6692
6703;3;2318;6704;3;2486;6704
6719;5;3171;6720;22;2385;6720
6763;4;646;6764;2;1655;6764
6779;6;2160;6780;8;404;6780
6791;9;371;6792;21;1365;6792
6803;2;438;6804;6;2382;6804
6823;3;1336;6824;3;1174;6824
6827;2;1111;6828;6;341;6828
6863;3;2037;6864;20;956;6864
6871;9;1406;6872;12;3201;6872
6883;10;1918;6884;2;352;6884
6899;4;1141;6900;7;2103;6900
6907;5;1995;6908;2;734;6908
6911;5;1873;6912;11;507;6912
6947;7;744;6948;2;507;6948
6959;9;2692;6960;21;1277;6960
6967;3;2382;6968;3;301;6968
6971;10;2262;6972;6;3187;6972
6983;2;1969;6984;13;2389;6984
6991;6;865;6992;6;2043;6992
7019;9;2331;7020;10;1226;7020
7027;4;3359;7028;2;2882;7028
7039;9;1395;7040;12;1492;7040
7043;2;2748;7044;2;1348;7044
7079;20;3296;7080;14;2625;7080
7103;2;3384;7104;5;2409;7104
7127;2;2426;7128;14;362;7128
7151;20;486;7152;17;2190;7152
7159;6;1388;7160;6;661;7160
7187;7;2128;7188;2;917;7188
7207;3;2650;7208;3;1239;7208
7211;4;373;7212;10;1880;7212
7219;5;2020;7220;10;3203;7220
7243;12;3541;7244;2;2312;7244
7247;2;2403;7248;5;2748;7248
7283;2;3270;7284;5;2802;7284
7307;7;1974;7308;2;1088;7308
7331;9;1086;7332;6;122;7332
7351;9;2078;7352;11;1565;7352
7411;5;2571;7412;3;502;7412
7451;4;1395;7452;6;2527;7452
7459;5;3015;7460;7;2452;7460
7487;6;2182;7488;17;3393;7488
7499;9;2548;7500;13;3555;7500
7507;4;2877;7508;2;2117;7508
7523;2;1689;7524;2;368;7524
7547;19;3736;7548;2;1849;7548
7559;5;3337;7560;13;2758;7560
7583;2;2754;7584;15;3083;7584
7591;6;3265;7592;6;3206;7592
7603;6;391;7604;2;195;7604
7607;2;324;7608;5;2493;7608
7639;9;2476;7640;6;843;7640
7643;7;544;7644;2;2589;7644
7687;3;1750;7688;3;1980;7688
7691;6;2305;7692;6;3532;7692
7699;5;2253;7700;21;958;7700
7703;3;3142;7704;10;3405;7704
7723;4;319;7724;2;2680;7724
7727;3;2645;7728;5;1991;7728
7759;8;378;7760;13;3232;7760
7823;2;767;7824;10;1545;7824
7867;10;1678;7868;2;595;7868
7879;19;802;7880;11;2810;7880
7883;7;253;7884;2;804;7884
7907;7;1718;7908;5;966;7908
7919;4;595;7920;13;2444;7920
7927;3;2940;7928;3;3791;7928
7951;8;3856;7952;11;3333;7952
7963;4;3571;7964;2;3575;7964
8011;5;314;8012;3;2640;8012
8039;5;3924;8040;31;3810;8040
8059;5;690;8060;7;1938;8060
8087;2;2852;8088;10;769;8088
8111;6;3579;8112;11;749;8112
8123;2;2230;8124;2;1074;8124
8147;2;2322;8148;2;2673;8148
8167;3;140;8168;3;3662;8168
8171;7;1934;8172;6;373;8172
8179;6;2834;8180;3;1829;8180
8191;10;3344;8192;6;3636;8192
8219;10;1307;8220;6;3761;8220
8231;4;188;8232;13;1923;8232
8243;2;3668;8244;2;1809;8244
8263;3;1936;8264;3;1139;8264
8287;3;1752;8288;3;804;8288
8291;4;153;8292;14;3103;8292
8311;9;2064;8312;6;884;8312
8363;2;3805;8364;5;3627;8364
8387;2;3303;8388;2;2864;8388
8419;6;946;8420;8;936;8420
8423;2;1232;8424;10;4086;8424
8431;8;1794;8432;6;1542;8432
8443;4;2242;8444;2;2628;8444
8447;2;2550;8448;30;689;8448
8467;5;4104;8468;2;2438;8468
8527;3;916;8528;3;3574;8528
8539;6;421;8540;3;3370;8540
8543;2;405;8544;5;3171;8544
8563;4;3146;8564;2;2261;8564
8599;6;3040;8600;17;354;8600
8623;3;936;8624;3;1280;8624
8627;7;2767;8628;2;4233;8628
8647;3;3491;8648;3;2100;8648
8663;2;560;8664;14;3270;8664
8699;8;3465;8700;8;3659;8700
8707;4;2112;8708;2;132;8708
8719;19;102;8720;6;337;8720
8731;9;3690;8732;3;2509;8732
8747;6;123;8748;6;4014;8748
8779;5;45;8780;3;2297;8780
8783;2;1378;8784;17;4013;8784
8803;4;3191;8804;2;2160;8804
8807;3;711;8808;20;3851;8808
8819;7;4027;8820;6;2577;8820
8831;25;2273;8832;42;3935;8832
8839;19;3827;8840;30;2985;8840
8863;3;1740;8864;3;3901;8864
8867;7;831;8868;5;2680;8868
8887;3;4407;8888;3;3623;8888
8923;10;3363;8924;2;2108;8924
8951;5;2589;8952;29;1571;8952
8963;7;2829;8964;2;913;8964
8971;5;1288;8972;3;4279;8972
8999;19;1231;9000;11;1638;9000
9007;3;1428;9008;3;875;9008
9011;7;174;9012;6;1263;9012
9043;12;1259;9044;2;2900;9044
9059;7;2774;9060;8;2912;9060
9067;4;4358;9068;2;404;9068
9091;5;1453;9092;3;4205;9092
9103;3;3953;9104;3;3525;9104
9127;8;607;9128;3;4437;9128
9151;10;1735;9152;14;1728;9152
9187;4;3730;9188;2;2773;9188
9199;9;1389;9200;6;4173;9200
9203;2;4508;9204;2;3113;9204
9227;2;749;9228;2;3004;9228
9239;11;1358;9240;58;4103;9240
9283;5;3207;9284;5;2364;9284
9311;4;4187;9312;17;3243;9312
9319;9;3064;9320;12;2960;9320
9323;2;886;9324;2;3342;9324
9343;3;4166;9344;3;2242;9344
9371;8;3844;9372;8;1620;9372
9391;10;4116;9392;13;3634;9392
9403;5;3344;9404;2;3971;9404
9419;13;2590;9420;11;2299;9420
9431;11;3696;9432;11;1486;9432
9439;17;938;9440;12;848;9440
9463;3;3400;9464;11;2488;9464
9467;7;4062;9468;5;351;9468
9479;4;3703;9480;28;1311;9480
9491;6;92;9492;10;2766;9492
9511;6;593;9512;6;2916;9512
9539;7;2658;9540;29;2050;9540
9547;4;773;9548;2;1698;9548
9551;4;1838;9552;11;2698;9552
9587;10;3250;9588;2;1429;9588
9619;11;3463;9620;3;1005;9620
9623;2;786;9624;10;2478;9624
9631;8;759;9632;12;1505;9632
9643;5;2952;9644;2;947;9644
9679;6;1983;9680;6;2282;9680
9719;4;3837;9720;26;3937;9720
9739;14;4521;9740;3;3016;9740
9743;2;3025;9744;20;193;9744
9767;12;3657;9768;19;3443;9768
9787;4;1293;9788;2;1523;9788
9791;5;4850;9792;11;603;9792
9803;2;4805;9804;5;4815;9804
9811;5;2714;9812;3;1563;9812
9839;5;4082;9840;11;4205;9840
9851;13;1734;9852;7;101;9852
9859;6;4774;9860;3;3923;9860
9871;13;1339;9872;6;3170;9872
9883;4;4824;9884;2;878;9884
9887;3;4905;9888;5;2405;9888
9907;5;3242;9908;2;3422;9908
9923;2;2210;9924;2;2524;9924
9931;5;1171;9932;11;1167;9932
9967;3;3728;9968;3;4059;9968
1019;2;40;1056;2;415;1056
1031;2;161;992;7;177;992
1039;3;428;1060;6;197;1060
1051;5;459;1024;2;117;1024
1063;3;186;1108;5;434;1108
1087;4;113;1116;10;416;1116
1091;10;447;1040;10;128;1040
1103;2;71;1152;5;301;1152
1123;4;275;1140;2;296;1140
1151;4;246;1152;13;290;1152
1163;7;544;1152;2;160;1152
1171;11;20;1216;8;313;1216
1187;16;507;1152;2;379;1152
1223;8;463;1248;10;85;1248
1231;3;312;1212;12;276;1212
1259;22;320;1200;24;470;1200
1279;9;41;1228;3;179;1228
1283;19;173;1296;6;503;1296
1291;8;77;1336;8;438;1336
1303;4;420;1332;3;177;1332
1307;7;77;1280;5;115;1280
1319;6;134;1328;13;582;1328
1327;3;588;1324;3;357;1324
1367;2;556;1344;10;62;1344
1399;6;54;468;15;262;468
1423;6;36;1460;3;489;1460
1427;11;368;1488;5;662;1488
1439;2;632;1488;11;147;1488
1447;3;268;1452;5;295;1452
1451;2;191;1504;2;54;1504
1459;5;142;1432;3;604;1432
1471;9;552;1468;6;592;1468
1483;4;145;1412;2;508;1412
1487;7;412;1424;13;277;1424
1499;2;308;1520;2;591;1520
1511;8;559;1552;23;423;1552
1523;2;177;1488;2;646;1488
1531;5;677;1520;3;124;1520
1543;11;82;1540;3;40;1540
1559;10;625;1520;17;682;1520
1567;4;54;1516;3;419;1516
1571;6;106;1632;6;289;1632
1579;5;708;1584;2;89;1584
1583;2;556;224;5;106;224
1607;2;442;1616;7;238;1616
1619;2;43;1632;2;559;1632
1627;25;637;1580;5;294;1580
1663;3;765;1684;6;601;1684
1667;2;74;1728;2;41;1728
1699;13;615;1680;14;12;1680
1723;6;229;1700;7;634;1700
1747;5;823;1804;2;837;1804
1759;3;265;1748;6;134;1748
1783;8;246;1764;3;207;1764
1787;15;184;1776;2;482;1776
1811;4;690;1888;8;457;1888
1823;8;307;1744;5;584;1744
1831;12;467;1788;3;378;1788
1847;13;290;1840;19;166;1840
1867;21;112;1852;3;173;1852
1871;2;876;1888;7;806;1888
1879;6;595;1924;12;662;1924
1907;11;122;1920;5;63;1920
1931;7;839;1920;8;198;1920
1951;3;855;380;3;221;380
1979;8;639;1968;6;914;1968
1987;4;836;2060;5;906;2060
1999;9;322;2052;7;246;2052
2003;2;649;1984;2;788;1984
2011;15;877;2088;8;559;2088
2027;2;988;2064;6;278;2064
2039;2;497;2096;7;942;2096
2063;15;395;2112;19;758;2112
2083;4;225;2116;2;137;2116
2087;2;789;2080;7;220;2080
2099;4;413;2016;32;608;2016
2111;9;970;2160;17;696;2160
2131;5;443;2144;3;661;2144
2143;6;490;2212;5;161;2212
2179;9;519;2264;2;670;2264
2203;4;283;2244;2;718;2244
2207;2;484;2176;10;784;2176
2239;9;352;2268;6;943;2268
2243;21;408;2208;8;690;2208
2251;5;64;768;2;654;768
2267;7;462;2352;5;730;2352
2287;3;965;2300;6;409;2300
2311;3;80;2380;3;625;2380
2339;13;262;2320;2;342;2320
2347;4;691;2284;2;314;2284
2351;6;625;2352;13;983;2352
2371;5;827;2344;2;109;2344
2383;8;53;2388;10;115;2388
2399;4;750;2464;11;692;2464
2411;4;1193;2336;10;1014;2336
2423;2;366;2400;10;115;2400
2447;2;62;2496;11;189;2496
2459;2;53;2480;2;973;2480
2467;13;930;2444;2;1151;2444
2503;4;39;828;6;588;828
2531;2;1237;2480;2;236;2480
2539;8;600;2520;8;768;2520
2543;2;650;2624;5;134;2624
2551;3;758;2596;6;1206;2596
2579;6;569;2640;13;914;2640
2591;2;331;2496;7;170;2496
2647;3;38;2732;3;52;2732
2659;5;765;2584;2;1217;2584
2663;7;654;2688;5;354;2688
2671;9;1078;2612;3;297;2612
2683;5;843;2756;3;756;2756
2687;17;50;2640;40;1135;2640
2699;2;521;2688;7;308;2688
2707;8;308;2764;2;609;2764
2711;2;365;2784;14;1096;2784
2719;9;168;2700;12;610;2700
2731;16;179;2712;26;1343;2712
2767;3;1206;2716;6;731;2716
2791;3;810;2836;12;958;2836
2803;5;173;2788;2;270;2788
2819;4;1235;2832;6;1320;2832
2843;2;171;2768;2;1333;2768
2851;5;216;2888;3;654;2888
2879;10;1288;2880;14;1207;2880
2887;4;16;2812;5;222;2812
2903;8;984;2864;5;688;2864
2927;2;1320;2912;7;297;2912
2939;10;582;2864;6;395;2864
2963;2;579;2992;2;1134;2992
2971;8;905;3064;2;867;3064
2999;4;1079;3088;23;598;3088
3011;2;408;3072;2;55;3072
3019;11;1370;2984;10;1384;2984
3023;7;942;3088;5;146;3088
3067;5;58;3004;2;1163;3004
3079;20;1189;1044;15;382;1044
3083;7;586;3120;11;1148;3120
3119;10;1229;3120;35;838;3120
3163;4;646;3172;3;729;3172
3167;7;1376;3184;5;831;3184
3187;4;1160;3212;5;1369;3212
3191;6;1300;3248;17;166;3248
3203;2;121;3232;2;283;3232
3251;8;1415;3312;24;666;3312
3259;11;729;3256;8;1502;3256
3271;9;1100;3348;3;1186;3348
3299;2;216;3200;6;1352;3200
3307;4;1485;3276;3;58;3276
3319;3;1117;3292;7;289;3292
3323;7;53;3328;11;630;3328
3331;8;1543;3232;10;906;3232
3343;3;328;3348;5;477;3348
3347;2;737;3328;2;615;3328
3359;6;378;3440;17;197;3440
3371;2;988;3360;2;662;3360
3391;6;1579;3388;3;664;3388
3407;10;189;3344;5;185;3344
3463;4;591;3492;3;412;3492
3467;2;640;3408;2;59;3408
3491;6;331;3472;10;991;3472
3499;9;493;3536;2;1480;3536
3511;3;354;3612;7;676;3612
3527;10;362;3440;20;1118;3440
3539;4;1240;3504;2;1526;3504
3547;4;505;3628;2;386;3628
3559;3;1331;3508;6;1002;3508
3571;5;1077;3496;3;551;3496
3583;3;1326;3668;3;1173;3668
3607;3;881;3628;3;1042;3628
3623;2;273;3728;11;1381;3728
3631;3;180;3740;3;1232;3740
3643;38;1636;3636;5;1413;3636
3659;6;948;3600;6;1072;3600
3671;4;308;720;13;671;720
3691;5;41;3672;3;1135;3672
3719;2;947;3648;23;378;3648
3727;4;841;3612;10;1775;3612
3739;5;665;3680;2;1320;3680
3767;2;1404;3712;5;1632;3712
3779;22;1542;3744;6;1387;3744
3803;2;1134;3840;2;1077;3840
3823;3;1768;3764;3;303;3764
3847;3;1063;3820;3;1720;3820
3851;9;231;3888;6;1105;3888
3863;10;303;3888;5;1073;3888
3907;6;1014;3804;7;1521;3804
3911;4;314;4032;13;101;4032
3919;6;723;4012;3;1838;4012
3923;8;241;3968;6;692;3968
3931;11;161;3984;10;1594;3984
3943;13;27;4020;11;437;4020
3947;7;1769;4000;5;893;4000
3967;4;277;4044;6;200;4044
4003;4;1747;4036;5;1750;4036
4007;8;1163;3968;5;1368;3968
4019;2;454;4064;2;317;4064
4027;4;1178;3948;2;1364;3948
4051;9;1366;4072;2;1546;4072
4079;8;226;4000;23;1657;4000
4091;4;438;4032;6;643;4032
4099;5;238;1344;10;1905;1344
4111;3;1992;4020;19;10;4020
4127;2;930;4128;5;1523;4128
4139;2;451;4256;6;1776;4256
4159;18;1624;4068;3;65;4068
4211;2;654;4240;2;65;4240
4219;5;1902;4272;2;92;4272
4231;8;582;4188;21;257;4188
4243;4;1924;4180;3;2035;4180
4259;6;1335;4208;13;1362;4208
4271;2;2069;4224;28;1125;4224
4283;24;1100;4320;15;1307;4320
4327;4;447;4380;5;1992;4380
4339;8;530;4288;8;710;4288
4363;5;432;4356;7;1423;4356
4391;9;1863;4416;14;537;4416
4423;4;621;4356;10;1647;4356
4447;14;1974;4380;3;1067;4380
4451;6;157;4576;13;1039;4576
4463;2;303;4368;19;1375;4368
4483;4;932;1452;8;119;1452
4507;5;1807;4604;3;470;4604
4519;14;1176;4476;3;1394;4476
4523;2;1177;4480;2;1746;4480
4547;2;1647;4640;2;2074;4640
4567;3;1312;4636;3;68;4636
4583;7;637;4672;10;155;4672
4591;8;2027;4564;3;934;4564
4603;5;883;4708;2;1121;4708
4639;8;1271;4548;15;1379;4548
4643;2;1919;4688;2;1337;4688
4651;21;905;4536;8;2045;4536
4663;3;183;4676;5;2129;4676
4679;4;294;4784;11;1414;4784
4691;2;1891;4704;2;924;4704
4703;10;1958;4640;15;427;4640
4723;5;882;4804;2;1800;4804
4751;6;705;4816;13;109;4816
4759;3;1135;4812;12;495;4812
4783;4;2256;4660;5;1972;4660
4787;10;429;4800;20;402;4800
4799;4;1191;4896;7;871;4896
4831;9;1597;4732;14;379;4732
4871;4;2095;4912;11;480;4912
4903;3;362;4964;3;1728;4964
4919;4;947;4864;17;539;4864
4931;8;926;4832;8;2234;4832
4943;2;1158;4912;5;1880;4912
4951;9;1496;4972;3;2339;4972
4967;2;511;5040;5;1290;5040
4987;19;1502;4908;5;2356;4908
4999;17;533;4884;3;1151;4884
5003;7;428;4880;6;174;4880
5011;5;1196;1680;10;1990;1680
5023;3;1474;5060;6;2416;5060
5039;6;305;4992;11;1513;4992
5051;2;1357;5008;2;573;5008
5059;5;2127;5096;2;746;5096
5087;8;1309;5088;10;1743;5088
5099;14;786;5136;6;2430;5136
5107;5;186;5116;2;2279;5116
5119;3;1142;5100;3;1210;5100
5147;2;1759;5104;5;492;5104
5167;3;725;5260;6;543;5260
5171;14;1616;5184;6;1231;5184
5179;8;125;5072;2;161;5072
5227;8;1438;5356;8;517;5356
5231;2;2516;5264;7;1861;5264
5279;2;578;5296;7;1615;5296
5303;2;396;5200;11;1996;5200
5323;8;109;5460;20;587;5460
5347;5;1538;5436;11;2526;5436
5351;6;2595;5376;13;1139;5376
5387;2;92;5472;2;367;5472
5399;2;2191;5456;11;2030;5456
5407;3;1444;5468;3;1704;5468
5419;5;535;5424;2;1416;5424
5431;3;865;5340;23;2436;5340
5443;4;1807;5380;3;1280;5380
5471;2;1850;5392;11;687;5392
5479;9;93;5460;11;1851;5460
5483;2;815;5408;2;597;5408
5503;14;1577;5460;7;211;5460
5507;23;1970;5488;5;235;5488
5519;4;1115;5536;13;2627;5536
5527;6;2637;5548;3;1332;5548
5531;9;2154;5680;2;2019;5680
5563;4;2076;5428;5;1722;5428
5591;4;742;5552;11;2022;5552
5623;10;1398;5572;5;2745;5572
5639;9;307;5568;17;2301;5568
5647;8;1723;5756;3;2577;5756
5651;2;1298;5728;2;2579;5728
5659;11;1904;5600;10;1139;5600
5683;8;2093;5700;8;2571;5700
5711;4;1852;5744;29;287;5744
5743;18;337;5796;3;874;5796
5779;9;2767;5640;2;1067;5640
5783;5;2566;5808;17;1168;5808
5791;12;959;1980;3;1641;1980
5807;2;768;5840;5;202;5840
5827;4;2613;5836;12;2169;5836
5839;9;1951;5876;3;692;5876
5843;8;64;5760;6;1073;5760
5851;5;361;5960;10;2338;5960
5867;2;1231;5936;2;383;5936
5879;11;730;5856;17;253;5856
5903;2;1454;5808;10;175;5808
5923;4;1378;5860;5;1024;5860
5927;13;2643;5904;23;1173;5904
5939;4;1445;5872;8;488;5872
5987;2;590;5904;2;1959;5904
6007;17;2937;6060;7;439;6060
6011;4;867;6064;10;292;6064
6043;4;512;6004;2;1988;6004
6047;7;2306;5936;5;2705;5936
6067;4;2248;6076;3;976;6076
6079;9;1165;6116;6;1726;6116
6091;5;2170;2040;2;2627;2040
6131;6;1857;6144;6;1068;6144
6143;2;2693;6016;5;1735;6016
6151;15;74;6132;6;2970;6132
6163;8;260;6164;2;451;6164
6199;16;1860;6300;6;1661;6300
6203;2;2852;6240;6;1618;6240
6211;5;173;6104;3;1828;6104
6247;3;2931;6172;5;1306;6172
6263;17;1132;6288;5;2722;6288
6271;6;2447;6188;3;1272;6188
6287;2;310;6400;7;1096;6400
6299;6;1596;6304;6;1728;6304
6311;2;432;6416;13;2495;6416
6323;2;85;6416;2;2552;6416
6343;3;2850;6324;3;80;6324
6359;6;563;6432;29;923;6432
6367;4;2771;6268;5;1930;6268
6379;5;2258;6424;3;2030;6424
6427;4;1585;2148;2;300;2148
6451;22;1387;6552;11;899;6552
6491;2;2115;6432;2;114;6432
6547;4;1398;6428;3;632;6428
6551;13;527;6496;17;226;6496
6563;6;2171;6608;2;380;6608
6571;8;1492;6624;11;2951;6624
6599;4;1556;6688;13;1348;6688
6607;3;2622;6524;5;784;6524
6619;5;818;6576;3;3132;6576
6659;4;1872;6624;2;1544;6624
6679;3;136;6676;6;375;6676
6691;16;570;6768;21;800;6768
6703;17;219;6708;7;1392;6708
6719;7;496;6624;37;1769;6624
6763;4;1980;6692;2;1258;6692
6779;6;2509;6816;8;840;6816
6791;5;2927;6640;11;2154;6640
6803;8;1711;6672;5;1983;6672
6823;4;580;6900;5;1787;6900
6827;2;692;6672;2;1443;6672
6863;8;649;6960;20;1012;6960
6871;9;2268;6924;13;2053;6924
6883;10;1947;6900;13;3320;6900
6899;27;762;6960;2;2339;6960
6907;4;3260;6908;5;1603;6908
6911;2;1941;6912;11;1907;6912
6947;7;2628;6816;6;607;6816
6959;2;1374;6816;34;2690;6816
6967;6;196;7084;5;2221;7084
6971;4;1556;6896;10;2433;6896
6983;5;402;7008;5;3244;7008
6991;3;2700;6860;21;1511;6860
7019;30;1980;7056;14;1861;7056
7027;4;2122;7036;2;2314;7036
7039;9;3170;7084;6;266;7084
7043;19;273;1008;2;1091;1008
7079;2;2588;7040;7;404;7040
7103;7;1043;7120;5;2201;7120
7127;2;361;7120;5;1272;7120
7151;4;766;7008;14;2150;7008
7159;3;785;7284;3;85;7284
7187;7;335;7312;6;3452;7312
7207;13;610;7372;3;3103;7372
7211;14;3145;7056;2;85;7056
7219;16;2257;7160;8;3282;7160
7243;4;668;7252;3;417;7252
7247;2;91;7360;10;2344;7360
7283;8;1426;7392;8;2735;7392
7307;8;1859;7168;6;210;7168
7331;4;1687;7296;6;2267;7296
7351;14;494;7316;3;500;7316
7411;5;1451;7432;3;3398;7432
7451;6;1847;7504;8;930;7504
7459;15;336;7456;8;2135;7456
7487;2;185;7504;5;123;7504
7499;2;506;7376;2;433;7376
7507;22;3515;7564;2;1389;7564
7523;8;824;7664;6;3428;7664
7547;6;1701;7616;5;275;7616
7559;4;316;7456;17;3055;7456
7583;2;664;7536;5;2875;7536
7591;3;1043;7436;11;2582;7436
7603;15;3759;7604;7;90;7604
7607;7;384;7552;10;1792;7552
7639;9;3689;7484;3;2072;7484
7643;18;2661;7744;8;1031;7744
7687;4;1184;7596;7;1140;7596
7691;7;2851;7728;14;796;7728
7699;5;1421;7792;3;809;7792
7703;7;2303;7584;33;1882;7584
7723;4;2036;7796;2;2604;7796
7727;7;1319;7696;5;2866;7696
7759;8;867;7788;3;3123;7788
7823;2;887;7680;14;742;7680
7867;20;3366;7836;8;2983;7836
7879;13;2470;7956;6;1908;7956
7883;2;1162;8016;2;3518;8016
7907;2;2604;7984;2;89;7984
7919;5;1365;8016;13;2704;8016
7927;3;2894;7996;3;1774;7996
7951;9;3278;8012;3;520;8012
7963;4;2193;8052;22;493;8052
8011;13;2577;7928;8;1797;7928
8039;6;211;8016;31;2700;8016
8059;5;1396;8080;3;284;8080
8087;5;163;8176;14;3550;8176
8111;4;2519;8080;11;2913;8080
8123;16;2241;8160;5;2410;8160
8147;46;2194;8160;31;2718;8160
8167;4;3152;8236;10;1415;8236
8171;7;2696;8304;2;424;8304
8179;5;61;8176;2;128;8176
8191;3;1111;8228;6;873;8228
8219;2;1457;8320;2;2496;8320
8231;6;2720;8160;19;2235;8160
8243;2;2780;8192;2;642;8192
8263;3;2944;8196;5;1502;8196
8287;4;3549;8364;10;3598;8364
8291;4;1474;8352;8;1326;8352
8311;3;3920;8268;14;142;8268
8363;18;1364;8304;6;4029;8304
8387;2;166;8528;2;2839;8528
8419;9;72;8352;13;2423;8352
8423;25;3284;8400;7;4058;8400
8431;9;2184;8548;3;2842;8548
8443;4;979;8340;8;990;8340
8447;10;420;8496;46;2819;8496
8467;6;2855;8412;8;2686;8412
8527;3;3455;8668;6;4140;8668
8539;9;3552;8376;13;2120;8376
8543;7;3158;8688;5;1264;8688
8563;14;3669;8436;2;873;8436
8599;14;2333;8700;6;2214;8700
8623;3;1532;8548;3;3202;8548
8627;7;2998;8560;5;4190;8560
8647;6;3522;8668;10;3535;8668
8663;2;199;8592;10;922;8592
8699;7;3716;8640;6;4194;8640
8707;4;4256;8668;3;1493;8668
8719;3;1113;8716;7;4067;8716
8731;5;189;8712;2;209;8712
8747;7;1298;8640;2;1406;8640
8779;28;1262;2952;12;1057;2952
8783;13;995;8736;11;3124;8736
8803;4;2480;8708;2;539;8708
8807;2;4308;8944;13;481;8944
8819;7;2096;8880;6;808;8880
8831;2;3857;8912;11;4029;8912
8839;3;4067;8788;6;1265;8788
8863;4;4206;9012;3;1374;9012
8867;8;4063;8736;6;3664;8736
8887;3;4178;9004;6;3912;9004
8923;4;2137;9044;5;3490;9044
8951;6;2030;8784;41;2485;8784
8963;14;3239;8976;5;3034;8976
8971;5;1341;9096;17;813;9096
8999;2;2778;9024;44;3272;9024
9007;17;10;9020;3;465;9020
9011;2;3355;8976;6;1753;8976
9043;4;4393;9076;2;3945;9076
9059;10;1201;8928;8;1960;8928
9067;12;1707;9228;2;857;9228
9091;8;2018;9016;10;3839;9016
9103;3;3780;9060;12;1219;9060
9127;3;1169;3012;3;2675;3012
9151;3;3150;9204;7;1800;9204
9187;5;2019;9132;5;3232;9132
9199;9;1727;9156;3;2166;9156
9203;8;3310;9120;8;1659;9120
9227;2;1659;9248;2;2705;9248
9239;8;2212;9264;29;343;9264
9283;6;2291;9380;3;4034;9380
9311;2;3745;9392;7;3295;9392
9319;9;3677;9316;14;1744;9316
9323;7;977;9280;8;4344;9280
9343;11;1455;9444;11;4417;9444
9371;4;1599;9504;6;973;9504
9391;9;2654;9484;12;4241;9484
9403;14;107;9412;2;2393;9412
9419;2;4272;9376;2;812;9376
9431;2;3085;9440;13;1967;9440
9439;3;2827;9308;3;2777;9308
9463;14;1010;9620;3;2059;9620
9467;21;2226;9424;14;355;9424
9479;2;3119;9536;7;3724;9536
9491;20;4055;9472;6;4371;9472
9511;6;3924;9540;15;2212;9540
9539;23;4596;9600;26;3679;9600
9547;5;3034;9516;5;4142;9516
9551;8;2472;9520;37;2885;9520
9587;2;4738;9536;2;4043;9536
9619;11;3686;9584;10;905;9584
9623;15;2478;9728;11;1342;9728
9631;14;2226;9492;6;2800;9492
9643;31;4755;9492;7;1460;9492
9679;9;1389;9556;12;4643;9556
9719;7;769;9600;23;4319;9600
9739;9;3783;9688;2;2063;9688
9743;7;3067;9856;13;3841;9856
9767;2;4106;9680;5;1984;9680
9787;5;536;9852;5;343;9852
9791;7;2209;9792;11;3493;9792
9803;8;1502;9904;5;1354;9904
9811;5;3248;9952;3;1913;9952
9839;2;608;9824;7;2731;9824
9851;2;4392;9824;2;1950;9824
9859;8;4718;9800;2;2668;9800
9871;3;496;10044;3;4567;10044
9883;22;1335;9780;2;372;9780
9887;13;4107;9888;11;2119;9888
9907;6;3773;10044;5;1605;10044
9923;24;3281;10080;2;4238;10080
9931;13;4949;9872;8;1241;9872
9967;15;2545;9900;3;3056;9900
